y
transaction
7232
9043
237.000000
transaction
5432
2463
77.000000
transaction
8669
5885
298.000000
transaction
2752
1452
135.000000
transaction
8620
1761
42.000000
transaction
8685
9638
323.000000
transaction
5071
8343
478.000000
transaction
9488
2826
42.000000
transaction
2004
2826
229.000000
transaction
5651
8588
36.000000
transaction
4463
5130
176.000000
transaction
3370
5270
392.000000
transaction
9987
4040
198.000000
transaction
9696
9941
304.000000
transaction
8756
8463
66.000000
transaction
8463
1733
460.000000
transaction
9985
5689
487.000000
transaction
3956
5096
57.000000
transaction
7588
1733
375.000000
transaction
9941
6883
153.000000
transaction
4281
9696
451.000000
transaction
1652
7837
99.000000
transaction
5651
7657
79.000000
transaction
5380
3034
376.000000
transaction
1293
5991
405.000000
transaction
3114
4118
14.000000
transaction
4281
4055
119.000000
transaction
3034
6137
16.000000
transaction
8348
3850
325.000000
transaction
5432
8348
386.000000
transaction
5991
6645
234.000000
transaction
6137
3043
105.000000
transaction
5991
7837
428.000000
transaction
8947
8106
147.000000
transaction
2004
8463
101.000000
transaction
2463
9941
331.000000
transaction
8685
4118
160.000000
transaction
5651
1115
269.000000
transaction
7192
8463
346.000000
transaction
9389
8588
121.000000
transaction
8463
8947
481.000000
transaction
1761
4819
101.000000
transaction
7192
9661
225.000000
transaction
9528
4196
197.000000
transaction
9389
5071
25.000000
transaction
9389
6480
274.000000
transaction
8343
9528
257.000000
transaction
8970
5081
458.000000
transaction
5885
1900
287.000000
transaction
9987
5991
117.000000
transaction
7837
4118
101.000000
transaction
5689
9488
41.000000
transaction
1293
6480
388.000000
transaction
4040
1293
220.000000
transaction
8463
9696
263.000000
transaction
5689
9043
275.000000
transaction
3868
2067
120.000000
transaction
8714
9987
64.000000
transaction
9389
1293
327.000000
transaction
8466
6136
233.000000
transaction
9528
3956
316.000000
transaction
5096
4196
308.000000
transaction
9042
4463
19.000000
transaction
3850
2463
24.000000
transaction
9696
5081
320.000000
transaction
6480
9941
359.000000
transaction
8970
3370
473.000000
transaction
1293
6224
24.000000
transaction
3034
5380
280.000000
transaction
9985
8588
236.000000
transaction
4118
3370
363.000000
transaction
5096
7588
346.000000
transaction
1323
1493
81.000000
transaction
3370
4206
349.000000
transaction
9985
4055
494.000000
transaction
7588
4819
391.000000
transaction
4040
3850
166.000000
transaction
5689
4055
223.000000
transaction
3956
1026
371.000000
transaction
1452
9985
101.000000
transaction
4876
8685
325.000000
transaction
6136
3868
494.000000
transaction
1026
4196
1.000000
transaction
4281
1493
85.000000
transaction
8685
1323
114.000000
transaction
8343
8348
54.000000
transaction
2463
6136
31.000000
transaction
8685
1493
312.000000
transaction
1245
9042
313.000000
transaction
3868
9488
63.000000
transaction
8588
9042
444.000000
transaction
1136
9528
271.000000
transaction
9661
5130
54.000000
transaction
5270
8620
313.000000
transaction
4206
2004
219.000000
transaction
9941
4811
146.000000
transaction
1245
6136
453.000000
transaction
4281
9189
112.000000
transaction
9941
9488
498.000000
transaction
6883
7657
390.000000
transaction
3370
5432
228.000000
transaction
7194
1245
22.000000
transaction
9189
5651
468.000000
transaction
5067
9985
499.000000
transaction
6136
8714
111.000000
transaction
3850
8669
150.000000
transaction
3161
4463
358.000000
transaction
8343
3043
47.000000
transaction
8970
2752
291.000000
transaction
4426
8588
462.000000
transaction
3370
1136
363.000000
transaction
1245
3114
466.000000
transaction
3485
1761
117.000000
transaction
5071
1293
168.000000
transaction
4876
1900
350.000000
transaction
5651
9122
482.000000
transaction
5885
1761
117.000000
transaction
1761
4529
138.000000
transaction
1652
8242
207.000000
transaction
9985
1493
286.000000
transaction
1900
8756
140.000000
transaction
3850
9042
361.000000
transaction
9389
6914
71.000000
transaction
6480
1323
27.000000
transaction
3868
9985
339.000000
transaction
4040
5432
427.000000
transaction
6883
5991
290.000000
transaction
8588
2463
26.000000
transaction
7194
8463
100.000000
transaction
8242
8348
359.000000
transaction
1761
4726
342.000000
transaction
5432
7062
480.000000
transaction
1733
1493
442.000000
transaction
4196
7192
399.000000
transaction
6389
5096
497.000000
transaction
5380
3850
199.000000
transaction
3868
9042
5.000000
transaction
2398
2463
422.000000
transaction
9528
8756
198.000000
transaction
5081
6224
125.000000
transaction
1136
3034
164.000000
transaction
9696
7588
380.000000
transaction
3956
8588
387.000000
transaction
3114
6914
5.000000
transaction
3034
8106
50.000000
transaction
7232
3043
75.000000
transaction
7192
9985
414.000000
transaction
7657
2280
330.000000
transaction
5071
6480
314.000000
transaction
9528
1245
423.000000
transaction
2752
6224
442.000000
transaction
4206
1323
11.000000
transaction
1900
4281
342.000000
transaction
9941
5991
4.000000
transaction
1136
3850
228.000000
transaction
1245
9528
148.000000
transaction
4118
1900
246.000000
transaction
5071
4426
312.000000
transaction
8106
8466
371.000000
transaction
8970
3161
226.000000
transaction
6480
4819
236.000000
transaction
1115
3485
241.000000
transaction
7004
4529
426.000000
transaction
1293
8970
232.000000
transaction
6480
4811
58.000000
transaction
9042
9661
251.000000
transaction
8970
3850
215.000000
transaction
8756
7232
249.000000
transaction
9638
4819
478.000000
transaction
2752
8588
101.000000
transaction
9638
4661
93.000000
transaction
8685
9305
117.000000
transaction
3161
5991
405.000000
transaction
9987
1761
343.000000
transaction
4196
3161
434.000000
transaction
9122
1652
229.000000
transaction
9305
5130
154.000000
transaction
6137
4055
474.000000
transaction
1293
8348
315.000000
transaction
8714
5081
45.000000
transaction
8714
9389
382.000000
transaction
8343
8106
325.000000
transaction
5067
5130
179.000000
transaction
9987
5130
341.000000
transaction
4876
4055
463.000000
transaction
8343
7588
124.000000
transaction
1245
6480
470.000000
transaction
1652
2463
451.000000
transaction
8714
8106
26.000000
transaction
5380
5991
123.000000
transaction
9488
9122
114.000000
transaction
3850
2280
86.000000
transaction
5432
1733
485.000000
transaction
8620
1652
31.000000
transaction
3043
5432
160.000000
transaction
8714
8348
429.000000
transaction
6224
4118
440.000000
transaction
3868
4811
408.000000
transaction
8463
8242
433.000000
transaction
5991
3114
139.000000
transaction
8463
7095
128.000000
transaction
9189
9305
194.000000
transaction
3868
9488
103.000000
transaction
1761
7837
463.000000
transaction
9488
5071
412.000000
transaction
5651
8588
440.000000
transaction
4196
4463
70.000000
transaction
3370
6914
161.000000
transaction
8714
9305
334.000000
transaction
2280
5081
255.000000
transaction
5885
3043
172.000000
transaction
8669
6883
263.000000
transaction
3850
9122
407.000000
transaction
8669
5484
78.000000
transaction
5067
5071
174.000000
transaction
1452
5130
452.000000
transaction
5096
4118
387.000000
transaction
2280
5885
301.000000
transaction
3956
4463
292.000000
transaction
6645
5484
88.000000
transaction
7194
6136
461.000000
transaction
4726
9043
22.000000
transaction
5689
2004
62.000000
transaction
6389
9488
213.000000
transaction
9122
4463
208.000000
transaction
6883
9528
206.000000
transaction
2004
4726
136.000000
transaction
5484
1293
289.000000
transaction
5651
4196
277.000000
transaction
9638
9488
179.000000
transaction
4281
6480
134.000000
transaction
9528
5432
121.000000
transaction
7194
1136
185.000000
transaction
4040
6645
78.000000
transaction
9488
5380
465.000000
transaction
5651
6883
258.000000
transaction
6224
8242
248.000000
transaction
9488
8463
152.000000
transaction
4281
8620
484.000000
transaction
6883
3850
428.000000
transaction
4811
6389
387.000000
transaction
3485
5689
88.000000
transaction
5081
7837
90.000000
transaction
4040
9987
3.000000
transaction
6224
5081
403.000000
transaction
8242
9661
465.000000
transaction
8714
5689
490.000000
transaction
4055
9941
366.000000
transaction
8685
4118
245.000000
transaction
7062
9389
270.000000
transaction
9389
8714
381.000000
transaction
4055
1452
185.000000
transaction
7232
1136
56.000000
transaction
6389
8714
407.000000
transaction
6645
4819
451.000000
transaction
2280
7095
99.000000
transaction
8588
5380
351.000000
transaction
7232
8466
400.000000
transaction
8970
1761
330.000000
transaction
4118
3868
473.000000
transaction
5651
7588
155.000000
transaction
4196
9985
361.000000
transaction
2398
3034
63.000000
transaction
7657
8466
298.000000
transaction
4055
9189
290.000000
transaction
8620
1245
355.000000
transaction
8466
4426
103.000000
transaction
8669
1136
133.000000
transaction
8620
9043
243.000000
transaction
6883
7588
270.000000
transaction
4281
8242
139.000000
transaction
9122
1293
90.000000
transaction
5380
8106
209.000000
transaction
7004
9638
438.000000
transaction
6645
3370
427.000000
transaction
5432
1245
282.000000
transaction
6136
4206
116.000000
transaction
1761
7062
270.000000
transaction
9638
5081
110.000000
transaction
4529
6224
379.000000
transaction
6224
9305
404.000000
transaction
5380
8588
9.000000
transaction
4661
8620
433.000000
transaction
9941
9638
27.000000
transaction
4426
5991
403.000000
transaction
2004
6136
158.000000
transaction
5096
6914
390.000000
transaction
2067
8106
7.000000
transaction
8714
7192
203.000000
transaction
5071
6136
160.000000
transaction
8343
2004
350.000000
transaction
8466
2004
429.000000
transaction
4661
1115
460.000000
transaction
7588
9985
154.000000
transaction
9696
8947
308.000000
transaction
5484
5380
415.000000
transaction
1493
5130
477.000000
transaction
5380
6480
302.000000
transaction
5991
9528
20.000000
transaction
6137
4661
375.000000
transaction
2398
1900
340.000000
transaction
7095
9122
404.000000
transaction
5096
3868
306.000000
transaction
1293
9661
104.000000
transaction
6224
5071
441.000000
transaction
2463
5096
241.000000
transaction
8714
5689
287.000000
transaction
1761
1115
46.000000
transaction
7004
6136
140.000000
transaction
8756
2004
177.000000
transaction
1733
8620
240.000000
transaction
1026
9696
28.000000
transaction
1293
4876
106.000000
transaction
1733
9941
54.000000
transaction
7062
1452
249.000000
transaction
1293
3161
95.000000
transaction
9941
6137
247.000000
transaction
8756
3034
448.000000
transaction
4055
8714
56.000000
transaction
3043
7095
420.000000
transaction
9696
8348
199.000000
transaction
4463
3956
96.000000
transaction
2280
4196
389.000000
transaction
3043
4819
187.000000
transaction
3850
1323
493.000000
transaction
8242
6883
468.000000
transaction
3034
6389
376.000000
transaction
7192
5067
195.000000
transaction
7095
3370
78.000000
transaction
8106
5071
395.000000
transaction
9389
9389
22.000000
transaction
9305
8588
150.000000
transaction
4661
5081
181.000000
transaction
3850
2463
422.000000
transaction
1900
4876
179.000000
transaction
6137
7194
40.000000
transaction
8348
9042
451.000000
transaction
5484
1293
345.000000
transaction
5096
7657
120.000000
transaction
3161
5067
415.000000
transaction
2463
9042
406.000000
transaction
4726
4040
36.000000
transaction
9043
7095
480.000000
transaction
3034
9305
197.000000
transaction
4819
5991
90.000000
transaction
7657
6914
57.000000
transaction
1761
4661
396.000000
transaction
2004
9043
500.000000
transaction
1652
4206
22.000000
transaction
3956
1452
165.000000
transaction
4876
8348
403.000000
transaction
9985
2067
231.000000
transaction
4281
5689
96.000000
transaction
7062
7837
238.000000
transaction
2004
7062
492.000000
transaction
5991
4426
406.000000
transaction
1761
9696
243.000000
transaction
6224
6645
83.000000
transaction
6224
7232
267.000000
transaction
8588
9661
374.000000
transaction
9638
9122
1.000000
transaction
9696
9042
114.000000
transaction
3868
7837
418.000000
transaction
8242
4529
241.000000
transaction
1900
1026
5.000000
transaction
5991
5991
240.000000
transaction
6645
2752
188.000000
transaction
5991
8343
449.000000
transaction
4529
4196
217.000000
transaction
1245
6914
465.000000
transaction
4040
6137
253.000000
transaction
4040
1323
340.000000
transaction
9528
8756
463.000000
transaction
6914
6224
399.000000
transaction
1136
7232
400.000000
transaction
1493
8343
54.000000
transaction
9985
4426
123.000000
transaction
4661
4876
298.000000
transaction
8970
8466
281.000000
transaction
5991
4206
243.000000
transaction
2826
2004
52.000000
transaction
3161
9488
109.000000
transaction
6883
8970
292.000000
transaction
8463
9987
49.000000
transaction
8343
1136
469.000000
transaction
3850
6883
396.000000
transaction
4196
1900
382.000000
transaction
5885
5380
23.000000
transaction
5484
9042
253.000000
transaction
4196
4819
337.000000
transaction
3850
1761
150.000000
transaction
8463
4206
394.000000
transaction
8947
5130
332.000000
transaction
4040
3161
231.000000
transaction
4040
5380
333.000000
transaction
9941
8343
494.000000
transaction
9488
1323
157.000000
transaction
3850
1761
306.000000
transaction
5380
6883
444.000000
transaction
1026
5081
84.000000
transaction
4529
7588
246.000000
transaction
4661
9985
478.000000
transaction
4196
4426
176.000000
transaction
6914
6914
98.000000
transaction
5081
9389
199.000000
transaction
8466
4819
173.000000
transaction
3161
8947
130.000000
transaction
4196
1733
340.000000
transaction
4529
6224
453.000000
transaction
8620
1733
397.000000
transaction
2280
9985
119.000000
transaction
6480
9043
169.000000
transaction
9122
2826
303.000000
transaction
7062
4206
18.000000
transaction
2067
4055
361.000000
transaction
1900
1452
301.000000
transaction
4463
8669
437.000000
transaction
7062
1900
298.000000
transaction
6137
9987
408.000000
transaction
1652
4118
17.000000
transaction
1323
5081
167.000000
transaction
8348
6136
155.000000
transaction
5071
9696
225.000000
transaction
9941
6645
210.000000
transaction
2280
3850
339.000000
transaction
8343
9189
297.000000
transaction
3868
3485
77.000000
transaction
2280
4876
41.000000
transaction
2004
9941
140.000000
transaction
3034
1323
171.000000
transaction
9043
6914
67.000000
transaction
5991
4661
75.000000
transaction
1652
8669
171.000000
transaction
4206
8588
383.000000
transaction
9528
5081
308.000000
transaction
4196
7837
497.000000
transaction
3956
5432
474.000000
transaction
6137
7062
15.000000
transaction
9696
8463
312.000000
transaction
9043
9661
317.000000
transaction
6224
8714
280.000000
transaction
8463
9122
169.000000
transaction
5484
9696
302.000000
transaction
3043
8685
332.000000
transaction
5991
8343
276.000000
transaction
6883
6389
347.000000
transaction
1761
8970
197.000000
transaction
8756
9528
113.000000
transaction
9941
9189
189.000000
transaction
6645
8466
36.000000
transaction
8463
9042
170.000000
transaction
1493
2280
259.000000
transaction
4040
7062
307.000000
transaction
4055
4529
188.000000
transaction
6645
9305
315.000000
transaction
4463
1293
25.000000
transaction
4426
2280
262.000000
transaction
8714
5432
456.000000
transaction
9638
9985
497.000000
transaction
8714
6389
174.000000
transaction
7588
9042
213.000000
transaction
4726
5130
327.000000
transaction
5380
8343
444.000000
transaction
6136
1245
232.000000
transaction
9638
7004
223.000000
transaction
6645
5484
279.000000
transaction
8947
8947
45.000000
transaction
9985
7192
494.000000
transaction
5885
2004
492.000000
transaction
5432
5130
202.000000
transaction
8348
2398
88.000000
transaction
4811
1452
486.000000
transaction
7095
1452
360.000000
transaction
6645
2067
363.000000
transaction
9488
1652
178.000000
transaction
7192
3043
229.000000
transaction
5081
6224
65.000000
transaction
9122
6136
384.000000
transaction
4281
1652
296.000000
transaction
8463
1733
343.000000
transaction
8466
8947
410.000000
transaction
2463
3370
168.000000
transaction
5991
4876
375.000000
transaction
2067
1115
188.000000
transaction
4040
5096
148.000000
transaction
1323
1900
69.000000
transaction
8970
1493
326.000000
transaction
5484
5270
181.000000
transaction
4281
8669
441.000000
transaction
8669
1652
250.000000
transaction
8343
4661
487.000000
transaction
8947
1452
362.000000
transaction
5651
6645
203.000000
transaction
3850
8242
157.000000
transaction
7095
1115
102.000000
transaction
2004
6480
466.000000
transaction
8669
5081
173.000000
transaction
6224
5130
473.000000
transaction
4661
4196
5.000000
transaction
4055
7062
114.000000
transaction
4196
4726
351.000000
transaction
2752
3161
157.000000
transaction
8588
3868
17.000000
transaction
4281
1245
143.000000
transaction
9189
7232
396.000000
transaction
5067
8685
307.000000
transaction
1493
6883
104.000000
transaction
4206
3034
350.000000
transaction
6137
1652
134.000000
transaction
6645
9305
398.000000
transaction
8242
3114
336.000000
transaction
8463
9305
211.000000
transaction
4206
7232
337.000000
transaction
1115
5885
440.000000
transaction
9661
5067
209.000000
transaction
9305
4661
290.000000
transaction
9941
5081
103.000000
transaction
1026
4040
474.000000
transaction
1115
8947
435.000000
transaction
9042
5096
425.000000
transaction
8756
7657
398.000000
transaction
3034
5130
488.000000
transaction
8685
4196
408.000000
transaction
2752
8947
362.000000
transaction
6137
8620
356.000000
transaction
2463
3114
493.000000
transaction
6224
2826
90.000000
transaction
2004
7657
170.000000
transaction
8970
3485
207.000000
transaction
7837
1761
352.000000
transaction
9661
5130
274.000000
transaction
5081
7095
473.000000
transaction
4196
5130
104.000000
transaction
9389
2398
388.000000
transaction
5689
3370
319.000000
transaction
6480
4819
440.000000
transaction
5689
5432
411.000000
transaction
9528
6883
333.000000
transaction
6914
5270
57.000000
transaction
7232
7657
420.000000
transaction
7837
7192
466.000000
transaction
9941
6914
383.000000
transaction
7588
5130
381.000000
transaction
8106
4661
296.000000
transaction
1900
4876
271.000000
transaction
4055
1026
163.000000
transaction
7232
1293
113.000000
transaction
8588
9941
74.000000
transaction
1900
2004
373.000000
transaction
3034
4206
444.000000
transaction
9305
6137
62.000000
transaction
6136
5885
124.000000
transaction
9189
8343
470.000000
transaction
7588
9985
359.000000
transaction
2463
1733
300.000000
transaction
9043
9305
1.000000
transaction
5432
1761
157.000000
transaction
2067
9189
155.000000
transaction
4811
5689
219.000000
transaction
1900
3370
203.000000
transaction
1452
2280
459.000000
transaction
3034
3114
464.000000
transaction
5071
1900
338.000000
transaction
7062
4206
36.000000
transaction
3370
5432
297.000000
transaction
3161
9122
439.000000
transaction
8343
9189
50.000000
transaction
4196
1245
391.000000
transaction
4661
9638
443.000000
transaction
1493
1323
318.000000
transaction
1733
7062
84.000000
transaction
7232
8756
206.000000
transaction
8756
8588
417.000000
transaction
8242
5071
301.000000
transaction
6645
2826
450.000000
transaction
1733
9488
190.000000
transaction
5270
7194
332.000000
transaction
9696
5484
487.000000
transaction
9042
9043
81.000000
transaction
8669
5130
486.000000
transaction
9985
6136
202.000000
transaction
8685
8348
86.000000
transaction
4726
6480
464.000000
transaction
5991
8947
159.000000
transaction
1493
5081
177.000000
transaction
6137
5885
170.000000
transaction
9985
1115
489.000000
transaction
4055
9941
439.000000
transaction
2398
8947
378.000000
transaction
9661
7062
24.000000
transaction
4206
2280
431.000000
transaction
4426
5380
207.000000
transaction
3034
9042
18.000000
transaction
8714
9528
202.000000
transaction
4876
1026
146.000000
transaction
7588
1652
500.000000
transaction
9305
1452
53.000000
transaction
8588
4463
150.000000
transaction
7232
1136
386.000000
transaction
9941
9941
203.000000
transaction
3043
4118
417.000000
transaction
1245
7062
465.000000
transaction
1733
4463
404.000000
transaction
3868
7588
297.000000
transaction
3956
6914
297.000000
transaction
8106
4206
205.000000
transaction
3370
3161
64.000000
transaction
8348
5885
499.000000
transaction
8466
3114
202.000000
transaction
2280
3034
251.000000
transaction
2463
9389
133.000000
transaction
4281
9638
197.000000
transaction
5432
1245
84.000000
transaction
5689
8685
54.000000
transaction
1026
1652
116.000000
transaction
9696
4281
300.000000
transaction
5885
1652
423.000000
transaction
2463
4529
176.000000
transaction
7192
7095
349.000000
transaction
3034
8620
468.000000
transaction
7657
9696
112.000000
transaction
1136
8685
6.000000
transaction
5651
8714
62.000000
transaction
4426
9043
443.000000
transaction
4811
9043
204.000000
transaction
6136
4529
489.000000
transaction
5991
9189
297.000000
transaction
4040
6224
385.000000
transaction
6136
8348
50.000000
transaction
1293
9661
30.000000
transaction
3370
2752
26.000000
transaction
4426
7837
307.000000
transaction
4819
8343
189.000000
transaction
5885
6883
428.000000
transaction
9661
1026
116.000000
transaction
9985
1493
252.000000
transaction
9042
6914
393.000000
transaction
4463
5067
102.000000
transaction
3034
9985
377.000000
transaction
7588
1136
272.000000
transaction
5484
3850
241.000000
transaction
8348
2004
213.000000
transaction
4281
5689
87.000000
transaction
8242
1323
448.000000
transaction
1115
5689
201.000000
transaction
7232
1245
108.000000
transaction
3034
4876
322.000000
transaction
7004
8463
265.000000
transaction
7062
5380
463.000000
transaction
4819
7588
117.000000
transaction
7062
3034
194.000000
transaction
1293
5130
158.000000
transaction
2463
4196
310.000000
transaction
6136
1293
267.000000
transaction
1136
6224
472.000000
transaction
1136
3850
275.000000
transaction
6914
9696
368.000000
transaction
8756
6480
197.000000
transaction
5270
8348
145.000000
transaction
6883
2463
466.000000
transaction
4055
4206
337.000000
transaction
8348
4529
283.000000
transaction
4206
1323
314.000000
transaction
9638
6645
470.000000
transaction
2004
2280
328.000000
transaction
8756
7588
353.000000
transaction
1733
4196
150.000000
transaction
8466
2280
461.000000
transaction
8242
6914
37.000000
transaction
7588
8348
105.000000
transaction
4426
1323
437.000000
transaction
3161
8669
273.000000
transaction
1293
7062
178.000000
transaction
7588
6389
90.000000
transaction
9305
7837
105.000000
transaction
2752
5991
274.000000
transaction
3161
7062
205.000000
transaction
3370
9528
71.000000
transaction
4463
7192
285.000000
transaction
7837
4463
161.000000
transaction
8348
3114
18.000000
transaction
7004
5071
50.000000
transaction
4529
9987
414.000000
transaction
7095
3043
273.000000
transaction
6136
1761
244.000000
transaction
1900
8669
150.000000
transaction
4529
1136
266.000000
transaction
4819
8466
459.000000
transaction
6914
2004
277.000000
transaction
5270
4529
364.000000
transaction
1493
7004
185.000000
transaction
3485
3956
428.000000
transaction
3850
2398
79.000000
transaction
4726
4206
99.000000
transaction
1761
4811
310.000000
transaction
1323
5484
390.000000
transaction
1493
4726
44.000000
transaction
8106
8588
273.000000
transaction
8756
9528
37.000000
transaction
1900
4819
225.000000
transaction
8348
9987
89.000000
transaction
6480
8348
268.000000
transaction
4811
1026
35.000000
transaction
2752
4726
419.000000
transaction
7232
1115
159.000000
transaction
8466
1452
61.000000
transaction
2826
2067
400.000000
transaction
2067
4726
230.000000
transaction
8970
8242
123.000000
transaction
8242
8947
215.000000
transaction
9985
6480
314.000000
transaction
9042
7837
289.000000
transaction
1323
1761
189.000000
transaction
4811
8620
280.000000
transaction
1733
5270
481.000000
transaction
7194
8463
239.000000
transaction
8669
5130
205.000000
transaction
8620
6480
143.000000
transaction
6645
9696
68.000000
transaction
4463
7657
52.000000
transaction
5432
7232
312.000000
transaction
7004
1452
235.000000
transaction
1245
1900
397.000000
transaction
5081
1136
228.000000
transaction
8348
1900
476.000000
transaction
6136
4196
4.000000
transaction
5096
1900
351.000000
transaction
5432
5067
262.000000
transaction
9389
5991
159.000000
transaction
6389
9189
429.000000
transaction
6914
9389
297.000000
transaction
3850
1452
55.000000
transaction
6480
1733
118.000000
transaction
6136
1323
20.000000
transaction
8714
8669
383.000000
transaction
1733
9043
366.000000
transaction
7095
4281
29.000000
transaction
2398
8714
123.000000
transaction
8463
3868
378.000000
transaction
9042
4529
119.000000
transaction
2280
9985
210.000000
transaction
6914
3370
316.000000
transaction
2463
4426
78.000000
transaction
4281
4876
183.000000
transaction
1293
8463
264.000000
transaction
4811
8970
151.000000
transaction
1293
1136
84.000000
transaction
8970
2752
119.000000
transaction
1493
5130
45.000000
transaction
8947
4206
281.000000
transaction
6136
9987
380.000000
transaction
7062
2067
355.000000
transaction
4206
4118
90.000000
transaction
1733
2398
183.000000
transaction
9389
8106
159.000000
transaction
1452
7004
197.000000
transaction
1733
3034
299.000000
transaction
5081
1293
169.000000
transaction
6914
2004
67.000000
transaction
1452
5380
151.000000
transaction
9043
1245
350.000000
transaction
2826
3043
164.000000
transaction
3485
5689
146.000000
transaction
2067
6883
413.000000
transaction
9696
1293
337.000000
transaction
1452
1900
300.000000
transaction
1136
8106
20.000000
transaction
1115
2463
24.000000
transaction
7588
8620
288.000000
transaction
9043
4661
337.000000
transaction
4661
8463
492.000000
transaction
9043
9638
112.000000
transaction
5484
3034
364.000000
transaction
5270
8947
177.000000
transaction
6480
4206
382.000000
transaction
9696
4811
445.000000
transaction
9661
4876
369.000000
transaction
7192
9638
385.000000
transaction
5067
2398
316.000000
transaction
4055
1136
354.000000
transaction
2752
4819
130.000000
transaction
1733
8620
377.000000
transaction
8106
8685
448.000000
transaction
4529
4040
284.000000
transaction
7062
4811
217.000000
transaction
9941
4463
108.000000
transaction
4876
8756
301.000000
transaction
6883
1115
96.000000
transaction
5130
5071
363.000000
transaction
2067
3850
466.000000
transaction
2826
5067
258.000000
transaction
1026
1245
237.000000
transaction
8463
8463
418.000000
transaction
8348
7062
446.000000
transaction
6389
4040
85.000000
transaction
3868
8588
173.000000
transaction
4281
7837
8.000000
transaction
4426
4281
109.000000
transaction
8685
8620
353.000000
transaction
5071
5081
230.000000
transaction
1652
7004
372.000000
transaction
7095
7004
328.000000
transaction
5885
4811
356.000000
transaction
7657
7192
320.000000
transaction
7194
3485
100.000000
transaction
5689
5651
430.000000
transaction
8463
8947
402.000000
transaction
8756
7657
235.000000
transaction
9389
5651
166.000000
transaction
9661
9661
10.000000
transaction
3485
6136
473.000000
transaction
5380
8242
36.000000
transaction
3956
3868
427.000000
transaction
8714
9941
93.000000
transaction
5885
7062
170.000000
transaction
1293
7232
21.000000
transaction
4426
9696
457.000000
transaction
4463
8620
428.000000
transaction
7588
3370
231.000000
transaction
4426
7657
26.000000
transaction
9661
9661
482.000000
transaction
7232
9661
207.000000
transaction
6136
3161
233.000000
transaction
8714
6137
182.000000
transaction
3868
1733
499.000000
transaction
9661
2067
267.000000
transaction
2398
9987
216.000000
transaction
3485
4426
295.000000
transaction
1245
6136
170.000000
transaction
4281
4876
341.000000
transaction
6480
4661
36.000000
transaction
9488
6224
183.000000
transaction
9985
2004
405.000000
transaction
8714
5130
261.000000
transaction
7062
8242
422.000000
transaction
6914
7232
487.000000
transaction
8669
4529
387.000000
transaction
9661
2004
373.000000
transaction
5067
2398
181.000000
transaction
1900
5380
122.000000
transaction
5651
1493
411.000000
transaction
4726
5651
20.000000
transaction
3043
5432
485.000000
transaction
8463
8947
231.000000
transaction
9122
5380
204.000000
transaction
1733
1761
425.000000
transaction
9696
9305
413.000000
transaction
4426
4726
125.000000
transaction
1452
8669
340.000000
transaction
4726
9389
140.000000
transaction
2004
5071
348.000000
transaction
3161
4281
351.000000
transaction
9638
5991
153.000000
transaction
8588
4118
337.000000
transaction
1652
3034
85.000000
transaction
7062
8669
247.000000
transaction
4819
4040
89.000000
transaction
1293
6914
327.000000
transaction
4040
3114
107.000000
transaction
3034
6480
99.000000
transaction
6389
7837
494.000000
transaction
6224
5130
327.000000
transaction
1652
4819
133.000000
transaction
2004
7657
316.000000
transaction
5380
8588
487.000000
transaction
8947
9638
67.000000
transaction
4118
9042
396.000000
transaction
2826
9305
210.000000
transaction
5096
7657
31.000000
transaction
1245
4876
391.000000
transaction
5885
5689
114.000000
transaction
5130
1733
260.000000
transaction
3850
7588
200.000000
transaction
1733
4281
270.000000
transaction
3485
8685
201.000000
transaction
1761
7095
47.000000
transaction
4055
5270
86.000000
transaction
8463
7192
228.000000
transaction
8970
7004
451.000000
transaction
7232
7192
92.000000
transaction
6389
3043
496.000000
transaction
7837
2826
306.000000
transaction
8756
9661
427.000000
transaction
4426
1323
161.000000
transaction
6137
8685
194.000000
transaction
1652
5081
112.000000
transaction
1452
8242
159.000000
transaction
9389
1115
425.000000
transaction
7837
4726
440.000000
transaction
3114
1452
107.000000
transaction
7062
2463
79.000000
transaction
6645
4819
497.000000
transaction
2752
3370
245.000000
transaction
5071
6224
250.000000
transaction
6136
7095
383.000000
transaction
1115
8242
427.000000
transaction
2004
8669
152.000000
transaction
7657
3370
453.000000
transaction
5270
9638
244.000000
transaction
9042
2398
350.000000
transaction
9488
8669
219.000000
transaction
3161
9488
259.000000
transaction
3034
1733
434.000000
transaction
2398
1293
443.000000
transaction
2463
6645
409.000000
transaction
9985
6883
382.000000
transaction
3850
8242
262.000000
transaction
4040
9661
486.000000
transaction
4281
5067
280.000000
transaction
8463
4055
448.000000
transaction
8466
8242
80.000000
transaction
9661
9696
172.000000
transaction
5885
7194
381.000000
transaction
4726
8714
485.000000
transaction
8685
9985
497.000000
transaction
9189
5380
110.000000
transaction
7657
8242
435.000000
transaction
8947
1136
131.000000
transaction
3114
4463
473.000000
transaction
5689
7004
402.000000
transaction
5651
4819
228.000000
transaction
4118
4529
324.000000
transaction
5885
4876
391.000000
transaction
4281
4206
173.000000
transaction
7657
2067
123.000000
transaction
7192
1136
271.000000
transaction
4040
3485
397.000000
transaction
6914
6645
151.000000
transaction
9488
4281
338.000000
transaction
2752
9042
201.000000
transaction
2826
4661
441.000000
transaction
5096
3043
129.000000
transaction
3043
8242
23.000000
transaction
1761
6480
55.000000
transaction
4426
4055
168.000000
transaction
6137
5270
122.000000
transaction
8620
8348
298.000000
transaction
8348
4726
311.000000
transaction
3850
8714
144.000000
transaction
2280
9987
430.000000
transaction
2280
7657
320.000000
transaction
1452
7194
40.000000
transaction
9043
9122
465.000000
transaction
1733
9985
124.000000
transaction
7004
8970
353.000000
transaction
8714
9528
1.000000
transaction
6136
8106
28.000000
transaction
5689
9987
166.000000
transaction
6914
8463
249.000000
transaction
1452
9305
248.000000
transaction
9043
1293
270.000000
transaction
6389
7004
338.000000
transaction
9941
5484
126.000000
transaction
6914
6480
376.000000
transaction
4661
8343
261.000000
transaction
9305
6137
255.000000
transaction
5067
7004
479.000000
transaction
7588
7194
479.000000
transaction
9043
4118
255.000000
transaction
9043
9122
146.000000
transaction
9042
3956
202.000000
transaction
6137
9042
365.000000
transaction
9528
4463
115.000000
transaction
2826
5432
474.000000
transaction
9528
9043
200.000000
transaction
5991
8466
108.000000
transaction
6645
7837
171.000000
transaction
4726
4819
39.000000
transaction
2463
8620
21.000000
transaction
3370
7192
261.000000
transaction
3043
5885
188.000000
transaction
3114
6883
474.000000
transaction
9042
5991
362.000000
transaction
1026
8106
111.000000
transaction
3868
2752
198.000000
transaction
3850
3370
327.000000
transaction
4281
4463
498.000000
transaction
6136
8343
91.000000
transaction
9528
5067
270.000000
transaction
7095
2752
137.000000
transaction
3850
4661
142.000000
transaction
2067
6480
203.000000
transaction
4726
5096
157.000000
transaction
9987
9941
481.000000
transaction
6914
8348
50.000000
transaction
6480
5885
274.000000
transaction
4726
4726
109.000000
transaction
4463
9528
35.000000
transaction
3850
4811
178.000000
transaction
5270
1293
347.000000
transaction
8756
8714
485.000000
transaction
8463
9661
144.000000
transaction
8588
8970
41.000000
transaction
9042
4661
290.000000
transaction
7192
9987
366.000000
transaction
2398
1761
171.000000
transaction
4819
5380
109.000000
transaction
5432
4529
54.000000
transaction
4463
2067
45.000000
transaction
7062
6645
250.000000
transaction
1900
9661
484.000000
transaction
9661
7837
379.000000
transaction
4726
5432
316.000000
transaction
4118
4463
305.000000
transaction
3034
5885
104.000000
transaction
8947
7588
467.000000
transaction
1452
6883
367.000000
transaction
2280
6914
155.000000
transaction
3043
9985
69.000000
transaction
7062
6914
81.000000
transaction
7095
3850
477.000000
transaction
5380
3043
248.000000
transaction
8588
1761
450.000000
transaction
9638
4819
385.000000
transaction
9985
6645
91.000000
transaction
5991
9696
412.000000
transaction
8106
1245
473.000000
transaction
4726
7588
236.000000
transaction
9528
9189
86.000000
transaction
2067
1452
200.000000
transaction
9528
7837
426.000000
transaction
7588
8106
98.000000
transaction
7588
5484
361.000000
transaction
2826
9696
401.000000
transaction
5991
5270
213.000000
transaction
5081
5885
162.000000
transaction
6136
3850
417.000000
transaction
4040
2398
86.000000
transaction
2398
6645
428.000000
transaction
1026
8242
486.000000
transaction
5651
7194
9.000000
transaction
8463
9122
481.000000
transaction
3868
6224
484.000000
transaction
9042
8348
480.000000
transaction
9042
8714
479.000000
transaction
5651
3868
84.000000
transaction
2004
8714
409.000000
transaction
4040
6914
377.000000
transaction
7095
8466
437.000000
transaction
5081
4055
11.000000
transaction
4055
8669
30.000000
transaction
4726
1733
118.000000
transaction
2826
4463
228.000000
transaction
5885
3114
455.000000
transaction
4281
6480
37.000000
transaction
7004
1761
64.000000
transaction
5270
8343
298.000000
transaction
1493
5991
360.000000
transaction
8756
3043
337.000000
transaction
3043
2463
18.000000
transaction
8714
5130
398.000000
transaction
1900
4529
107.000000
transaction
8669
1452
242.000000
transaction
1493
6645
15.000000
transaction
2280
5096
475.000000
transaction
5484
1652
37.000000
transaction
2067
1493
364.000000
transaction
1761
2398
18.000000
transaction
3114
5484
290.000000
transaction
6224
7657
107.000000
transaction
8343
5689
305.000000
transaction
3485
2398
41.000000
transaction
4118
9696
147.000000
transaction
3485
6136
459.000000
transaction
9305
7588
104.000000
transaction
2463
3043
265.000000
transaction
5885
8970
24.000000
transaction
7232
5380
439.000000
transaction
8970
7588
90.000000
transaction
8348
8620
412.000000
transaction
4281
1323
417.000000
transaction
4661
4055
132.000000
transaction
4055
2004
380.000000
transaction
3956
9122
36.000000
transaction
9042
8588
257.000000
transaction
4876
9661
229.000000
transaction
6224
1026
15.000000
transaction
8685
7232
115.000000
transaction
7837
1323
36.000000
transaction
6645
4206
115.000000
transaction
3485
2752
73.000000
transaction
4819
5991
454.000000
transaction
7837
4463
218.000000
transaction
1245
7004
106.000000
transaction
9305
1115
337.000000
transaction
5130
9638
384.000000
transaction
8348
5689
136.000000
transaction
4876
8970
456.000000
transaction
1493
6137
361.000000
transaction
5067
7588
494.000000
transaction
1733
9528
163.000000
transaction
8685
8970
118.000000
transaction
4426
1652
305.000000
transaction
5689
1900
20.000000
transaction
1733
1115
221.000000
transaction
5096
5380
68.000000
transaction
8669
8348
472.000000
transaction
2398
2463
457.000000
transaction
7657
8348
313.000000
transaction
8756
2752
334.000000
transaction
4040
3868
227.000000
transaction
9305
6480
464.000000
transaction
1493
5130
473.000000
transaction
7062
9985
484.000000
transaction
8756
6480
386.000000
transaction
1293
6224
286.000000
transaction
3370
4661
61.000000
transaction
9638
1323
429.000000
transaction
5484
8348
4.000000
transaction
2280
6389
173.000000
transaction
5380
4726
52.000000
transaction
3868
4055
211.000000
transaction
9305
9122
457.000000
transaction
6914
5689
7.000000
transaction
9941
4529
319.000000
transaction
8714
9488
376.000000
transaction
7194
2398
265.000000
transaction
8620
6883
270.000000
transaction
6480
1900
198.000000
transaction
6914
8466
408.000000
transaction
9043
3850
247.000000
transaction
4726
1293
376.000000
transaction
5380
5130
264.000000
transaction
6224
6645
69.000000
transaction
2398
6224
105.000000
transaction
4281
4819
297.000000
transaction
1652
6480
64.000000
transaction
8242
9389
25.000000
transaction
9638
5484
488.000000
transaction
9389
7095
265.000000
transaction
5651
5689
43.000000
transaction
9941
9305
399.000000
transaction
3485
9305
445.000000
transaction
4811
9987
5.000000
transaction
1493
2398
414.000000
transaction
1900
5380
206.000000
transaction
6480
6224
18.000000
transaction
8343
8714
409.000000
transaction
5484
8463
11.000000
transaction
4661
3043
476.000000
transaction
5991
7837
180.000000
transaction
9696
3043
322.000000
transaction
5130
5081
465.000000
transaction
9305
4463
64.000000
transaction
5130
5071
479.000000
transaction
6480
1452
28.000000
transaction
7095
7192
437.000000
transaction
4426
9488
471.000000
transaction
5067
5071
399.000000
transaction
5689
4206
419.000000
transaction
8669
9042
142.000000
transaction
1900
4426
314.000000
transaction
4281
8669
458.000000
transaction
9941
7657
246.000000
transaction
2004
7232
189.000000
transaction
9389
8669
95.000000
transaction
7657
9941
113.000000
transaction
1452
4196
306.000000
transaction
4040
8242
401.000000
transaction
3868
8466
33.000000
transaction
5096
1733
320.000000
transaction
4726
3114
6.000000
transaction
5689
1452
287.000000
transaction
6883
6136
309.000000
transaction
1452
7194
78.000000
transaction
5130
6389
358.000000
transaction
4876
8669
207.000000
transaction
1323
4726
438.000000
transaction
6914
7192
163.000000
transaction
6914
9528
392.000000
transaction
5270
9305
102.000000
transaction
2826
8669
175.000000
transaction
3370
4206
433.000000
transaction
1733
5130
488.000000
transaction
2826
1293
107.000000
transaction
9661
5651
418.000000
transaction
1293
9488
298.000000
transaction
1761
5432
37.000000
transaction
9987
2004
455.000000
transaction
6883
8343
248.000000
transaction
5689
8242
390.000000
transaction
1323
9389
171.000000
transaction
4196
2398
255.000000
transaction
2398
8463
101.000000
transaction
1136
9638
158.000000
transaction
6883
4876
409.000000
transaction
8588
9941
301.000000
transaction
8348
6480
150.000000
transaction
7004
6389
114.000000
transaction
2826
7837
241.000000
transaction
2752
8463
414.000000
transaction
1493
4281
306.000000
transaction
4055
2752
273.000000
transaction
4463
4206
101.000000
transaction
9122
9043
396.000000
transaction
5096
5380
289.000000
transaction
5885
3868
139.000000
transaction
1323
5885
298.000000
transaction
1452
2752
409.000000
transaction
3043
9043
280.000000
transaction
6645
1293
8.000000
transaction
8242
7004
342.000000
transaction
4118
5081
159.000000
transaction
5991
8669
243.000000
transaction
6136
3043
230.000000
transaction
1136
7095
430.000000
transaction
9305
7657
56.000000
transaction
4040
8348
462.000000
transaction
8588
8685
479.000000
transaction
9042
5885
266.000000
transaction
2752
2067
422.000000
transaction
3850
4811
486.000000
transaction
7192
3114
182.000000
transaction
8463
8463
62.000000
transaction
7657
4196
282.000000
transaction
1026
4281
499.000000
transaction
8685
8348
269.000000
transaction
4661
6137
96.000000
transaction
5484
4426
278.000000
transaction
4040
3043
483.000000
transaction
5096
4661
397.000000
transaction
2826
2280
488.000000
transaction
6136
4206
209.000000
transaction
4661
6645
185.000000
transaction
5484
4196
368.000000
transaction
8947
4196
153.000000
transaction
8714
2004
329.000000
transaction
5651
1115
385.000000
transaction
5130
5651
471.000000
transaction
8348
4196
291.000000
transaction
6389
4040
180.000000
transaction
1452
5270
295.000000
transaction
5096
5991
179.000000
transaction
5885
9389
140.000000
transaction
9305
5067
271.000000
transaction
1733
3868
154.000000
transaction
6914
1652
218.000000
transaction
5067
1900
372.000000
transaction
8588
1761
223.000000
transaction
5380
4661
307.000000
transaction
9305
5270
387.000000
transaction
3114
1323
386.000000
transaction
7194
5484
141.000000
transaction
5130
6137
332.000000
transaction
8970
5130
226.000000
transaction
6136
6136
252.000000
transaction
1652
7588
113.000000
transaction
3850
1900
76.000000
transaction
9696
4876
238.000000
transaction
7837
9189
228.000000
transaction
4055
4196
27.000000
transaction
7194
5885
33.000000
transaction
5885
3043
435.000000
transaction
5096
7192
91.000000
transaction
4040
5651
389.000000
transaction
5991
6389
197.000000
transaction
6224
2826
18.000000
transaction
3114
5081
182.000000
transaction
5432
9488
423.000000
transaction
9042
2398
65.000000
transaction
7095
9696
396.000000
transaction
9488
7062
301.000000
transaction
8463
7588
222.000000
transaction
6914
2280
40.000000
transaction
5885
5067
44.000000
transaction
9528
9696
354.000000
transaction
4876
1452
273.000000
transaction
6480
3956
369.000000
transaction
4819
8463
161.000000
transaction
6914
2398
429.000000
transaction
8588
4206
125.000000
transaction
3868
3485
489.000000
transaction
3868
5689
110.000000
transaction
9987
2398
424.000000
transaction
9389
3043
467.000000
transaction
9042
2067
315.000000
transaction
4811
1493
221.000000
transaction
1900
7192
1.000000
transaction
8620
1452
229.000000
transaction
9488
3043
144.000000
transaction
3043
5651
29.000000
transaction
9696
8466
353.000000
transaction
4661
6136
58.000000
transaction
5130
6136
225.000000
transaction
7657
5130
445.000000
transaction
9122
8947
310.000000
transaction
1136
3370
17.000000
transaction
8348
4463
435.000000
transaction
3956
7192
393.000000
transaction
6136
1761
166.000000
transaction
5651
4118
317.000000
transaction
8620
8620
94.000000
transaction
8756
7232
149.000000
transaction
4819
2280
56.000000
transaction
2463
4529
354.000000
transaction
6645
3485
438.000000
transaction
3161
8620
162.000000
transaction
4726
1452
149.000000
transaction
3850
4281
267.000000
transaction
2752
4819
178.000000
transaction
8714
9389
160.000000
transaction
9985
3161
339.000000
transaction
5071
1452
407.000000
transaction
5081
9985
474.000000
transaction
5651
2398
462.000000
transaction
1323
3956
339.000000
transaction
9638
5432
270.000000
transaction
1493
4819
476.000000
transaction
6136
7095
161.000000
transaction
8343
8714
201.000000
transaction
5651
7095
445.000000
transaction
1761
2398
67.000000
transaction
5432
1900
125.000000
transaction
1493
6136
176.000000
transaction
4206
1452
91.000000
transaction
9638
7004
18.000000
transaction
4206
1761
120.000000
transaction
1115
2752
60.000000
transaction
4040
3850
477.000000
transaction
9122
9987
59.000000
transaction
4819
5484
176.000000
transaction
4529
6645
144.000000
transaction
6136
6883
55.000000
transaction
8620
3114
262.000000
transaction
5991
5885
468.000000
transaction
9696
9987
84.000000
transaction
7192
4196
194.000000
transaction
8970
8947
311.000000
transaction
9696
2004
288.000000
transaction
8106
5689
187.000000
transaction
8714
5096
389.000000
transaction
1761
8685
202.000000
transaction
5885
4529
315.000000
transaction
1493
7232
136.000000
transaction
7232
8343
342.000000
transaction
9043
3370
41.000000
transaction
3161
9189
425.000000
transaction
2398
3868
261.000000
transaction
8588
8343
174.000000
transaction
7095
5130
26.000000
transaction
1293
8669
223.000000
transaction
9488
9305
5.000000
transaction
5096
5071
493.000000
transaction
6645
1136
313.000000
transaction
5270
3161
288.000000
transaction
9122
6914
63.000000
transaction
8685
8947
452.000000
transaction
6224
1026
130.000000
transaction
2752
4118
304.000000
transaction
5067
5270
302.000000
transaction
3043
5651
182.000000
transaction
5067
9696
473.000000
transaction
5130
9528
168.000000
transaction
9389
5885
323.000000
transaction
1245
1115
345.000000
transaction
5067
4876
407.000000
transaction
1293
3161
92.000000
transaction
1493
4196
444.000000
transaction
4529
5432
126.000000
transaction
9389
5071
73.000000
transaction
9488
7004
177.000000
transaction
8343
1452
325.000000
transaction
9985
1293
218.000000
transaction
2752
9661
172.000000
transaction
4811
5651
173.000000
transaction
4529
9528
414.000000
transaction
5067
9985
289.000000
transaction
8970
1323
220.000000
transaction
8669
9638
321.000000
transaction
1323
8970
265.000000
transaction
8588
4118
428.000000
transaction
5991
1293
386.000000
transaction
4118
5991
291.000000
transaction
5270
7837
338.000000
transaction
7657
7004
489.000000
transaction
9638
9987
383.000000
transaction
6645
4876
433.000000
transaction
5380
8620
90.000000
transaction
3034
6480
336.000000
transaction
9488
7095
122.000000
transaction
6137
9661
452.000000
transaction
4463
1115
8.000000
transaction
8242
4196
114.000000
transaction
2398
8588
85.000000
transaction
5689
5432
300.000000
transaction
9528
9661
399.000000
transaction
3956
6136
493.000000
transaction
6480
1245
172.000000
transaction
1026
8348
83.000000
transaction
4529
7194
148.000000
transaction
1733
8348
143.000000
transaction
6645
1761
96.000000
transaction
3034
8756
127.000000
transaction
4206
9985
158.000000
transaction
7232
1245
359.000000
transaction
7232
5380
254.000000
transaction
2826
8348
110.000000
transaction
1761
9042
65.000000
transaction
4281
9042
340.000000
transaction
2463
8343
459.000000
transaction
2398
8756
334.000000
transaction
1761
9661
97.000000
transaction
1323
7192
280.000000
transaction
8947
9985
231.000000
transaction
4876
3034
286.000000
transaction
9987
4811
434.000000
transaction
1293
6224
409.000000
transaction
2067
3043
347.000000
transaction
8588
1323
485.000000
transaction
7588
3114
160.000000
transaction
4040
9189
195.000000
transaction
2067
9987
191.000000
transaction
1733
6137
209.000000
transaction
4876
4819
308.000000
transaction
3370
4281
479.000000
transaction
1652
8947
318.000000
transaction
9528
9189
427.000000
transaction
5885
1136
447.000000
transaction
9987
4206
253.000000
transaction
8756
5991
426.000000
transaction
9638
4426
467.000000
transaction
9189
5270
18.000000
transaction
4196
6224
175.000000
transaction
4811
9985
267.000000
transaction
9985
3114
101.000000
transaction
8463
8685
385.000000
transaction
5096
8343
226.000000
transaction
3485
3956
381.000000
transaction
3161
8588
413.000000
transaction
3868
6883
219.000000
transaction
5689
1652
53.000000
transaction
2826
9941
101.000000
transaction
9122
8669
458.000000
transaction
6914
3034
256.000000
transaction
8669
2826
77.000000
transaction
8669
5130
410.000000
transaction
2752
5081
484.000000
transaction
5067
7232
411.000000
transaction
8343
9305
389.000000
transaction
9043
2752
402.000000
transaction
6224
7588
110.000000
transaction
1761
4811
59.000000
transaction
1761
3956
439.000000
transaction
7194
4876
459.000000
transaction
8343
3161
129.000000
transaction
1136
5991
427.000000
transaction
1900
3370
171.000000
transaction
9638
2826
139.000000
transaction
6137
9488
130.000000
transaction
9696
4196
247.000000
transaction
5432
9189
268.000000
transaction
6480
9987
159.000000
transaction
7588
6883
439.000000
transaction
1652
4040
280.000000
transaction
2826
5991
154.000000
transaction
9985
6137
309.000000
transaction
3485
3034
184.000000
transaction
9661
7095
302.000000
transaction
4281
3114
247.000000
transaction
6914
7588
78.000000
transaction
6645
2826
219.000000
transaction
3956
4055
370.000000
transaction
9042
9987
131.000000
transaction
3485
1493
311.000000
transaction
6136
8466
165.000000
transaction
1733
8348
473.000000
transaction
7588
9987
292.000000
transaction
5689
9638
457.000000
transaction
1452
4040
230.000000
transaction
1293
5067
499.000000
transaction
4281
1245
18.000000
transaction
5689
4118
99.000000
transaction
3114
7232
98.000000
transaction
5689
9488
157.000000
transaction
6914
5380
234.000000
transaction
8620
1733
309.000000
transaction
5651
8588
309.000000
transaction
9661
8714
255.000000
transaction
1245
4819
435.000000
transaction
4281
5081
478.000000
transaction
8756
8588
481.000000
transaction
5689
4118
63.000000
transaction
5651
1245
32.000000
transaction
5380
6136
176.000000
transaction
1323
7657
276.000000
transaction
9305
5432
337.000000
transaction
9987
5689
315.000000
transaction
6480
5270
450.000000
transaction
2067
1245
190.000000
transaction
5380
9122
487.000000
transaction
8466
7837
65.000000
transaction
6224
8463
347.000000
transaction
7837
3956
350.000000
transaction
5991
3956
58.000000
transaction
4118
8947
280.000000
transaction
6224
8348
181.000000
transaction
9638
3868
233.000000
transaction
6645
4661
433.000000
transaction
1733
5484
236.000000
transaction
5651
5484
224.000000
transaction
4661
3956
247.000000
transaction
5885
4529
323.000000
transaction
5651
6645
402.000000
transaction
1026
2280
230.000000
transaction
1733
9696
166.000000
transaction
9122
5991
93.000000
transaction
7232
1026
319.000000
transaction
5885
6645
356.000000
transaction
4661
3161
459.000000
transaction
3485
8242
209.000000
transaction
9987
6914
289.000000
transaction
5096
2398
177.000000
transaction
3043
2826
437.000000
transaction
3114
2826
452.000000
transaction
1136
8669
248.000000
transaction
7232
3043
454.000000
transaction
6645
4876
54.000000
transaction
4196
5130
67.000000
transaction
9042
8756
89.000000
transaction
9696
1493
14.000000
transaction
1323
1452
476.000000
transaction
5096
1245
243.000000
transaction
3114
3370
161.000000
transaction
1761
9941
431.000000
transaction
6883
9987
463.000000
transaction
6645
3034
184.000000
transaction
7192
8669
477.000000
transaction
7837
1900
223.000000
transaction
4661
5432
58.000000
transaction
8466
5130
365.000000
transaction
9305
1245
423.000000
transaction
2752
5380
478.000000
transaction
1900
3114
354.000000
transaction
7837
4196
451.000000
transaction
5991
5081
202.000000
transaction
7232
6224
422.000000
transaction
1245
3370
202.000000
transaction
8620
9638
65.000000
transaction
5885
8947
14.000000
transaction
1761
6883
212.000000
transaction
8343
5689
15.000000
transaction
5380
3114
415.000000
transaction
3868
4281
237.000000
transaction
4196
6137
120.000000
transaction
8685
6914
17.000000
transaction
8714
4196
174.000000
transaction
1245
4426
397.000000
transaction
6137
2280
443.000000
transaction
8106
7194
27.000000
transaction
9042
4118
441.000000
transaction
9941
1293
345.000000
transaction
7062
1323
66.000000
transaction
8588
8756
199.000000
transaction
7192
2280
108.000000
transaction
4726
9661
370.000000
transaction
5991
4055
301.000000
transaction
3956
8970
436.000000
transaction
8348
4876
102.000000
transaction
7588
2280
21.000000
transaction
5380
5689
251.000000
transaction
9122
1115
8.000000
transaction
4206
7095
65.000000
transaction
5432
5081
48.000000
transaction
5380
6914
162.000000
transaction
1493
1026
209.000000
transaction
8463
1452
38.000000
transaction
8466
8970
423.000000
transaction
7062
6645
417.000000
transaction
2752
8714
83.000000
transaction
9189
4118
435.000000
transaction
9488
7657
388.000000
transaction
5651
1136
254.000000
transaction
2398
5651
150.000000
transaction
6914
5651
164.000000
transaction
3370
6389
65.000000
transaction
4196
9043
71.000000
transaction
3043
2463
357.000000
transaction
9661
8669
169.000000
transaction
1900
5432
303.000000
transaction
5096
9305
433.000000
transaction
8620
8714
203.000000
transaction
2826
4281
457.000000
transaction
7837
5380
261.000000
transaction
8106
1761
164.000000
transaction
4529
8970
275.000000
transaction
5689
7232
462.000000
transaction
8343
4876
378.000000
transaction
8714
4529
310.000000
transaction
1245
9987
359.000000
transaction
1323
5081
249.000000
transaction
4726
8348
84.000000
transaction
9488
9528
17.000000
transaction
1115
2752
318.000000
transaction
6883
9189
180.000000
transaction
3485
8466
266.000000
transaction
9985
4055
486.000000
transaction
6480
6137
27.000000
transaction
9122
4726
15.000000
transaction
9941
4876
14.000000
transaction
1493
9987
458.000000
transaction
1652
4661
485.000000
transaction
9389
8685
279.000000
transaction
6480
8714
148.000000
transaction
8463
9661
389.000000
transaction
6137
3043
167.000000
transaction
8242
7657
248.000000
transaction
6389
8714
204.000000
transaction
4661
7657
95.000000
transaction
1245
3043
88.000000
transaction
2752
3956
487.000000
transaction
3868
4463
76.000000
transaction
1900
8588
58.000000
transaction
4876
4726
92.000000
transaction
9122
2280
88.000000
transaction
8463
7657
60.000000
transaction
9638
9661
430.000000
transaction
5067
1452
364.000000
transaction
9941
5071
35.000000
transaction
5071
5130
455.000000
transaction
4196
2398
334.000000
transaction
2752
5067
70.000000
transaction
9528
1323
448.000000
transaction
1136
9985
486.000000
transaction
5096
9042
353.000000
transaction
8947
2280
375.000000
transaction
9661
1733
171.000000
transaction
3850
1245
77.000000
transaction
4819
5689
472.000000
transaction
8343
9696
370.000000
transaction
8669
8620
286.000000
transaction
2280
5380
380.000000
transaction
4463
9528
137.000000
transaction
8714
9661
335.000000
transaction
3043
9528
121.000000
transaction
3485
8466
87.000000
transaction
9985
8242
48.000000
transaction
7232
5484
103.000000
transaction
9696
9305
456.000000
transaction
7194
2752
404.000000
transaction
9189
9941
35.000000
transaction
8343
7004
483.000000
transaction
1323
9985
177.000000
transaction
4876
4281
24.000000
transaction
8348
1323
117.000000
transaction
9661
4055
247.000000
transaction
4281
3956
472.000000
transaction
8685
5380
222.000000
transaction
4463
9696
64.000000
transaction
5067
7062
33.000000
transaction
5096
1323
231.000000
transaction
4196
8620
46.000000
transaction
2280
8947
345.000000
transaction
5067
3850
130.000000
transaction
7095
1026
35.000000
transaction
4426
5270
264.000000
transaction
8669
4206
43.000000
transaction
1245
7095
43.000000
transaction
8463
1115
340.000000
transaction
4811
5071
256.000000
transaction
8106
4876
161.000000
transaction
5991
8106
192.000000
transaction
5651
4726
376.000000
transaction
9661
8669
53.000000
transaction
3485
5130
205.000000
transaction
1761
4206
304.000000
transaction
8242
2004
436.000000
transaction
7232
7194
2.000000
transaction
6914
5071
103.000000
transaction
1115
8714
46.000000
transaction
1652
1452
87.000000
transaction
7232
2004
260.000000
transaction
1900
7062
398.000000
transaction
4726
1900
31.000000
transaction
9305
9122
329.000000
transaction
5130
5484
261.000000
transaction
5432
8463
425.000000
transaction
8970
5081
292.000000
transaction
4726
1452
435.000000
transaction
4819
6645
269.000000
transaction
4661
7232
328.000000
transaction
8463
9189
340.000000
transaction
4463
1026
56.000000
transaction
8947
4811
320.000000
transaction
7192
8685
260.000000
transaction
9638
4040
410.000000
transaction
5991
8466
386.000000
transaction
8588
2280
82.000000
transaction
3114
5689
189.000000
transaction
6136
5081
101.000000
transaction
8463
8714
369.000000
transaction
1245
6389
210.000000
transaction
9638
5096
111.000000
transaction
1136
8685
2.000000
transaction
3114
5380
83.000000
transaction
4206
5067
411.000000
transaction
4876
5432
141.000000
transaction
8620
8620
355.000000
transaction
6645
1115
408.000000
transaction
1026
1652
252.000000
transaction
1026
8947
286.000000
transaction
3114
9043
244.000000
transaction
4118
4426
441.000000
transaction
9488
4529
423.000000
transaction
9528
1733
423.000000
transaction
4040
4876
417.000000
transaction
9305
4426
166.000000
transaction
4118
2067
298.000000
transaction
4661
3868
251.000000
transaction
9696
3868
459.000000
transaction
9987
8620
396.000000
transaction
8970
1026
35.000000
transaction
8669
8714
69.000000
transaction
3114
8348
405.000000
transaction
9661
3043
66.000000
transaction
2752
5380
107.000000
transaction
4281
9389
142.000000
transaction
5651
8242
407.000000
transaction
5380
1761
485.000000
transaction
5484
1452
212.000000
transaction
1652
1452
391.000000
transaction
6136
5071
243.000000
transaction
9305
3370
125.000000
transaction
6389
9696
500.000000
transaction
2398
9389
73.000000
transaction
8669
6645
73.000000
transaction
4811
5130
264.000000
transaction
4206
5432
138.000000
transaction
4726
9941
400.000000
transaction
8348
5270
459.000000
transaction
9042
1493
65.000000
transaction
4040
7004
60.000000
transaction
7657
1323
483.000000
transaction
5130
2398
480.000000
transaction
5130
4118
323.000000
transaction
2826
7004
436.000000
transaction
5067
1136
382.000000
transaction
1452
4426
31.000000
transaction
9661
3485
180.000000
transaction
9638
9987
79.000000
transaction
5689
4661
38.000000
transaction
7232
2752
101.000000
transaction
3956
4811
6.000000
transaction
6914
9042
322.000000
transaction
9528
8947
304.000000
transaction
7194
5991
19.000000
transaction
1136
9696
221.000000
transaction
8756
1136
107.000000
transaction
7095
5432
84.000000
transaction
5081
5081
135.000000
transaction
8343
5380
325.000000
transaction
2004
7588
42.000000
transaction
7062
5380
382.000000
transaction
7657
1761
320.000000
transaction
5071
6136
4.000000
transaction
9985
3370
358.000000
transaction
2752
8466
454.000000
transaction
9189
6883
409.000000
transaction
5380
8588
358.000000
transaction
8756
8348
202.000000
transaction
7588
5432
103.000000
transaction
9528
6883
272.000000
transaction
9043
3868
120.000000
transaction
3043
5380
483.000000
transaction
4811
5071
338.000000
transaction
5067
9528
213.000000
transaction
9987
1761
191.000000
transaction
1293
5689
4.000000
transaction
2004
5689
182.000000
transaction
7657
4463
257.000000
transaction
3370
6137
307.000000
transaction
3850
5484
220.000000
transaction
5380
9189
246.000000
transaction
7232
1733
446.000000
transaction
1136
5380
289.000000
transaction
9389
5067
283.000000
transaction
1293
9528
445.000000
transaction
5130
9941
349.000000
transaction
5432
1761
101.000000
transaction
8714
8669
488.000000
transaction
9389
1245
145.000000
transaction
9941
4055
247.000000
transaction
7232
4055
336.000000
transaction
2280
9941
497.000000
transaction
6480
5651
197.000000
transaction
1026
5071
291.000000
transaction
8714
9987
284.000000
transaction
8588
9941
481.000000
transaction
3956
5130
291.000000
transaction
3956
8669
71.000000
transaction
7194
7837
227.000000
transaction
1900
3043
8.000000
transaction
1733
9189
37.000000
transaction
9696
1245
287.000000
transaction
5081
2280
238.000000
transaction
4819
2280
433.000000
transaction
4118
5380
84.000000
transaction
2067
3956
381.000000
transaction
9528
1452
327.000000
transaction
4529
8970
160.000000
transaction
6389
5689
431.000000
transaction
8947
2398
152.000000
transaction
9389
8463
41.000000
transaction
4040
8106
196.000000
transaction
7192
2463
210.000000
transaction
1245
1652
77.000000
transaction
9122
4726
77.000000
transaction
7837
1245
304.000000
transaction
5689
5432
162.000000
transaction
4118
4661
48.000000
transaction
9189
9661
152.000000
transaction
3043
8669
268.000000
transaction
3370
3370
344.000000
transaction
7004
1245
69.000000
transaction
6389
7588
85.000000
transaction
3034
3850
146.000000
transaction
5270
2067
484.000000
transaction
3485
8947
440.000000
transaction
8620
4529
141.000000
transaction
4876
7194
378.000000
transaction
9122
1652
73.000000
transaction
9389
8669
305.000000
transaction
6389
1245
229.000000
transaction
5991
2826
84.000000
transaction
8343
4040
454.000000
transaction
6389
5380
279.000000
transaction
1245
5270
344.000000
transaction
4811
7837
28.000000
transaction
4118
5651
65.000000
transaction
3161
9488
484.000000
transaction
9987
4206
444.000000
transaction
3370
3370
25.000000
transaction
8669
4426
228.000000
transaction
1652
4819
447.000000
transaction
5071
2280
227.000000
transaction
5380
3485
75.000000
transaction
3868
8669
475.000000
transaction
7588
7837
446.000000
transaction
5432
5885
497.000000
transaction
7095
8348
141.000000
transaction
1026
8343
425.000000
transaction
5071
5432
1.000000
transaction
7194
4055
487.000000
transaction
5270
9189
227.000000
transaction
5096
4281
493.000000
transaction
7837
8685
17.000000
transaction
9985
6645
149.000000
transaction
8106
8685
20.000000
transaction
2752
4118
273.000000
transaction
7192
5270
48.000000
transaction
6389
5270
74.000000
transaction
4463
9389
424.000000
transaction
4463
6389
105.000000
transaction
3114
6224
495.000000
transaction
5270
1136
380.000000
transaction
9389
8343
361.000000
transaction
1493
8106
273.000000
transaction
6137
9696
255.000000
transaction
3956
2067
37.000000
transaction
5689
4196
185.000000
transaction
9987
5067
32.000000
transaction
3850
8466
375.000000
transaction
1026
2004
386.000000
transaction
1293
4281
143.000000
transaction
5484
4206
446.000000
transaction
4055
8348
372.000000
transaction
5067
8714
496.000000
transaction
2280
9305
292.000000
transaction
3043
7657
57.000000
transaction
6224
3161
141.000000
transaction
9528
8242
183.000000
transaction
3485
9985
460.000000
transaction
9987
5484
324.000000
transaction
8947
6136
409.000000
transaction
8588
1323
293.000000
transaction
3370
9043
468.000000
transaction
5130
4055
450.000000
transaction
4876
5071
93.000000
transaction
8947
7062
415.000000
transaction
4876
3114
337.000000
transaction
4281
2280
110.000000
transaction
2398
9305
161.000000
transaction
3868
4876
411.000000
transaction
5432
8466
318.000000
transaction
6224
6137
376.000000
transaction
5432
4196
463.000000
transaction
2463
8588
292.000000
transaction
2752
7837
487.000000
transaction
6883
6137
451.000000
transaction
8348
5432
424.000000
transaction
1900
8714
90.000000
transaction
8242
9941
333.000000
transaction
8970
3370
174.000000
transaction
9661
3485
352.000000
transaction
7095
8685
360.000000
transaction
4819
8714
291.000000
transaction
5991
9985
221.000000
transaction
5096
7194
293.000000
transaction
4196
4055
149.000000
transaction
4426
1293
198.000000
transaction
6224
7232
432.000000
transaction
9987
4876
329.000000
transaction
4196
3868
404.000000
transaction
1293
8242
128.000000
transaction
1493
4726
261.000000
transaction
7192
4118
95.000000
transaction
1733
8947
393.000000
transaction
4055
8685
12.000000
transaction
8242
7095
341.000000
transaction
3114
9987
146.000000
transaction
7657
1652
466.000000
transaction
1115
1493
207.000000
transaction
8685
4726
85.000000
transaction
4529
9661
158.000000
transaction
2398
5991
449.000000
transaction
3956
8242
331.000000
transaction
3114
8714
416.000000
transaction
2067
7004
49.000000
transaction
8466
4661
14.000000
transaction
2752
1761
465.000000
transaction
2280
4281
326.000000
transaction
8620
9042
185.000000
transaction
4661
3043
24.000000
transaction
3114
6137
71.000000
transaction
4196
3485
177.000000
transaction
4196
5651
350.000000
transaction
6883
8242
84.000000
transaction
4040
4726
248.000000
transaction
8466
2398
337.000000
transaction
5067
4281
147.000000
transaction
6480
9987
432.000000
transaction
8947
8620
419.000000
transaction
7232
2463
491.000000
transaction
5071
9305
347.000000
transaction
7095
3114
171.000000
transaction
5067
5689
75.000000
transaction
9389
7095
448.000000
transaction
8348
9638
386.000000
transaction
8343
3370
402.000000
transaction
1761
7095
187.000000
transaction
1652
3485
386.000000
transaction
9488
6645
317.000000
transaction
6914
4055
186.000000
transaction
5689
3485
76.000000
transaction
5484
9305
349.000000
transaction
3114
4206
453.000000
transaction
9661
3370
218.000000
transaction
9638
5484
264.000000
transaction
8620
3485
287.000000
transaction
4206
9042
153.000000
transaction
2826
5270
29.000000
transaction
6137
4811
242.000000
transaction
3485
1115
271.000000
transaction
1733
5885
195.000000
transaction
4529
1245
437.000000
transaction
4529
8463
469.000000
transaction
4819
3370
345.000000
transaction
1761
7588
295.000000
transaction
8242
5432
272.000000
transaction
6645
4281
110.000000
transaction
7062
5689
457.000000
transaction
5081
6645
448.000000
transaction
8970
8947
1.000000
transaction
1493
5130
254.000000
transaction
5991
4426
110.000000
transaction
9305
7837
238.000000
transaction
6480
1900
214.000000
transaction
1245
8242
483.000000
transaction
5432
5270
284.000000
transaction
8106
6480
18.000000
transaction
4426
8348
222.000000
transaction
9305
3034
282.000000
transaction
9305
6224
218.000000
transaction
9305
7062
364.000000
transaction
9696
7657
351.000000
transaction
6224
6883
322.000000
transaction
5130
3043
285.000000
transaction
6480
8348
459.000000
transaction
5067
8463
458.000000
transaction
3850
1115
217.000000
transaction
5067
4463
444.000000
transaction
2398
8466
315.000000
transaction
9696
7194
72.000000
transaction
7192
1761
189.000000
transaction
8685
1452
359.000000
transaction
4196
2398
372.000000
transaction
5689
6883
344.000000
transaction
9189
3114
119.000000
transaction
9987
2398
48.000000
transaction
6137
9488
49.000000
transaction
3485
9043
436.000000
transaction
7194
1136
313.000000
transaction
8685
9987
481.000000
transaction
1323
7095
143.000000
transaction
9528
5130
201.000000
transaction
1245
4118
116.000000
transaction
8348
8714
477.000000
transaction
7657
3370
350.000000
transaction
4876
3161
365.000000
transaction
9122
4118
10.000000
transaction
9122
5991
97.000000
transaction
3370
8242
199.000000
transaction
4463
6136
450.000000
transaction
7194
6645
67.000000
transaction
6883
1323
266.000000
transaction
6883
6645
396.000000
transaction
8463
9043
278.000000
transaction
1323
6389
254.000000
transaction
1452
9987
428.000000
transaction
3370
4811
259.000000
transaction
4206
3956
165.000000
transaction
4040
1136
239.000000
transaction
8588
9189
294.000000
transaction
4040
1733
106.000000
transaction
9638
7657
363.000000
transaction
6480
4206
423.000000
transaction
5991
6645
363.000000
transaction
8947
2752
321.000000
transaction
4661
3485
472.000000
transaction
7062
5270
363.000000
transaction
8343
4196
190.000000
transaction
4811
1900
444.000000
transaction
8466
9189
233.000000
transaction
3161
2752
242.000000
transaction
3956
7062
113.000000
transaction
4876
3370
397.000000
transaction
2398
4118
357.000000
transaction
8466
7192
27.000000
transaction
5432
6136
51.000000
transaction
8106
7837
350.000000
transaction
4426
5130
433.000000
transaction
8348
8970
44.000000
transaction
2826
2280
85.000000
transaction
5651
4529
155.000000
transaction
5081
2398
319.000000
transaction
1652
6137
194.000000
transaction
1293
7837
176.000000
transaction
2067
1115
42.000000
transaction
4811
5484
397.000000
transaction
4876
3370
169.000000
transaction
5067
1733
115.000000
transaction
8343
8970
252.000000
transaction
7588
1245
466.000000
transaction
5885
1452
402.000000
transaction
1493
5651
17.000000
transaction
8466
6480
25.000000
transaction
7837
2463
496.000000
transaction
5130
8685
497.000000
transaction
4819
8106
200.000000
transaction
4529
7095
75.000000
transaction
1293
1493
484.000000
transaction
7657
4281
469.000000
transaction
3114
5991
325.000000
transaction
4726
1493
431.000000
transaction
4811
7194
234.000000
transaction
1493
5081
346.000000
transaction
4196
7194
162.000000
transaction
8620
7192
95.000000
transaction
3956
1452
467.000000
transaction
8588
5067
32.000000
transaction
5689
9987
491.000000
transaction
4529
7588
276.000000
transaction
6137
5071
430.000000
transaction
8669
8685
389.000000
transaction
1900
8242
456.000000
transaction
9696
8669
153.000000
transaction
4876
7062
320.000000
transaction
1136
5071
486.000000
transaction
5380
3161
192.000000
transaction
2280
1115
187.000000
transaction
9941
5885
286.000000
transaction
9043
4876
307.000000
transaction
2280
5484
2.000000
transaction
5071
4118
484.000000
transaction
4206
9528
357.000000
transaction
4811
9305
137.000000
transaction
9389
4196
53.000000
transaction
7004
9042
396.000000
transaction
5380
4426
71.000000
transaction
9488
1115
72.000000
transaction
4118
9985
325.000000
transaction
7194
4726
19.000000
transaction
8242
5689
269.000000
transaction
8348
5380
251.000000
transaction
1761
8669
397.000000
transaction
7192
7837
439.000000
transaction
5991
7004
370.000000
transaction
1493
3868
408.000000
transaction
5991
3868
295.000000
transaction
3485
7657
496.000000
transaction
5270
1026
246.000000
transaction
3485
7194
36.000000
transaction
5067
9528
141.000000
transaction
6914
3043
489.000000
transaction
2004
8714
321.000000
transaction
1652
5380
92.000000
transaction
5130
5991
307.000000
transaction
7232
2067
433.000000
transaction
3956
3043
12.000000
transaction
3114
9696
382.000000
transaction
7232
5081
83.000000
transaction
7192
7232
102.000000
transaction
1115
6914
247.000000
transaction
4876
3485
167.000000
transaction
8685
4529
49.000000
transaction
1115
9941
249.000000
transaction
5096
9661
256.000000
transaction
5651
2398
269.000000
transaction
4529
5071
241.000000
transaction
5270
2463
38.000000
transaction
4040
8970
82.000000
transaction
6914
5651
402.000000
transaction
7062
1293
164.000000
transaction
1761
5130
488.000000
transaction
4055
3956
476.000000
transaction
4055
8685
25.000000
transaction
4118
3868
221.000000
transaction
8970
4055
488.000000
transaction
1323
7095
383.000000
transaction
5130
2004
200.000000
transaction
4463
4876
137.000000
transaction
7232
1245
440.000000
transaction
7588
3034
144.000000
transaction
8947
4118
242.000000
transaction
7837
1900
222.000000
transaction
9985
4819
255.000000
transaction
3370
7657
81.000000
transaction
9661
1493
210.000000
transaction
4426
7095
76.000000
transaction
2752
7004
40.000000
transaction
2463
9985
133.000000
transaction
1293
2826
437.000000
transaction
5071
9043
108.000000
transaction
4726
3370
338.000000
transaction
8669
5130
201.000000
transaction
5885
5081
42.000000
transaction
1493
3034
164.000000
transaction
4811
2280
324.000000
transaction
5380
5432
289.000000
transaction
8348
2826
152.000000
transaction
7194
4426
302.000000
transaction
9987
9305
320.000000
transaction
4463
4281
459.000000
transaction
5071
7837
382.000000
transaction
4206
1245
280.000000
transaction
8970
6137
424.000000
transaction
3868
2398
44.000000
transaction
4876
5991
210.000000
transaction
2463
1245
411.000000
transaction
1293
4118
29.000000
transaction
1493
9941
115.000000
transaction
6645
9941
305.000000
transaction
4196
8947
390.000000
transaction
4876
8620
14.000000
transaction
3161
7062
269.000000
transaction
5885
5432
26.000000
transaction
8466
3956
241.000000
transaction
8106
3043
496.000000
transaction
8685
4661
351.000000
transaction
5081
9528
233.000000
transaction
3485
1115
183.000000
transaction
4811
2067
332.000000
transaction
9661
5096
468.000000
transaction
4661
9042
348.000000
transaction
5484
6883
364.000000
transaction
2826
2280
365.000000
transaction
9661
5071
392.000000
transaction
9122
2398
312.000000
transaction
4463
5432
301.000000
transaction
4661
9528
295.000000
transaction
7588
2752
148.000000
transaction
1245
1652
161.000000
transaction
4426
6137
358.000000
transaction
1136
9528
197.000000
transaction
1115
9661
410.000000
transaction
7062
2067
424.000000
transaction
4040
6883
368.000000
transaction
7837
5432
135.000000
transaction
4426
8947
84.000000
transaction
4463
3114
329.000000
transaction
8685
5067
399.000000
transaction
4040
5130
259.000000
transaction
4819
8669
215.000000
transaction
5484
4426
360.000000
transaction
5130
4463
355.000000
transaction
6136
9987
321.000000
transaction
4118
8620
282.000000
transaction
5432
5484
183.000000
transaction
4529
4661
19.000000
transaction
3034
3485
492.000000
transaction
1026
1323
334.000000
transaction
5484
8970
432.000000
transaction
1652
8466
265.000000
transaction
8348
3956
299.000000
transaction
9042
3850
87.000000
transaction
9528
4206
138.000000
transaction
7095
7004
318.000000
transaction
9985
7062
220.000000
transaction
8669
1026
9.000000
transaction
9985
8106
133.000000
transaction
4876
8106
238.000000
transaction
8343
8343
323.000000
transaction
6389
4426
401.000000
transaction
8343
6883
180.000000
transaction
3485
5380
6.000000
transaction
1761
9528
138.000000
transaction
5380
6389
353.000000
transaction
7095
6137
18.000000
transaction
4529
4529
118.000000
transaction
5096
9042
90.000000
transaction
8466
3956
114.000000
transaction
7194
5885
440.000000
transaction
4876
7004
475.000000
transaction
9528
4661
136.000000
transaction
8242
6914
136.000000
transaction
8588
8106
329.000000
transaction
7194
8106
387.000000
transaction
3043
9189
443.000000
transaction
9189
3868
31.000000
transaction
6389
3370
317.000000
transaction
1026
1026
496.000000
transaction
2067
3034
402.000000
transaction
5885
6883
465.000000
transaction
8620
5991
303.000000
transaction
2280
3956
417.000000
transaction
1136
6224
189.000000
transaction
4118
8466
314.000000
transaction
2752
5432
403.000000
transaction
1900
4726
29.000000
transaction
9638
9696
404.000000
transaction
6914
9696
457.000000
transaction
6389
6914
276.000000
transaction
6480
7194
37.000000
transaction
3370
5130
344.000000
transaction
8466
2004
23.000000
transaction
9528
2280
81.000000
transaction
4426
9941
358.000000
transaction
5270
7192
59.000000
transaction
5432
8466
497.000000
transaction
4118
3370
345.000000
transaction
4281
9042
342.000000
transaction
9189
5081
156.000000
transaction
2752
6136
23.000000
transaction
1323
4118
121.000000
transaction
5380
6645
85.000000
transaction
7837
5885
200.000000
transaction
1245
4811
349.000000
transaction
2004
9042
215.000000
transaction
7657
9122
444.000000
transaction
7192
7657
68.000000
transaction
6914
1245
254.000000
transaction
1245
5096
350.000000
transaction
1761
2280
257.000000
transaction
4206
3034
87.000000
transaction
1293
7232
347.000000
transaction
9189
9389
453.000000
transaction
4819
9638
92.000000
transaction
9122
1452
79.000000
transaction
1136
8463
19.000000
transaction
5096
9638
89.000000
transaction
2004
6137
44.000000
transaction
2752
2004
489.000000
transaction
2826
3161
403.000000
transaction
8343
1493
175.000000
transaction
2067
1900
443.000000
transaction
6480
1026
434.000000
transaction
7004
4819
80.000000
transaction
6136
8669
386.000000
transaction
8970
8714
114.000000
transaction
1245
8669
408.000000
transaction
9389
5081
316.000000
transaction
9042
6914
328.000000
transaction
8348
4206
303.000000
transaction
4055
1493
410.000000
transaction
1245
3043
473.000000
transaction
9941
4196
374.000000
transaction
8714
9661
366.000000
transaction
6883
1136
447.000000
transaction
5130
9043
181.000000
transaction
6480
5067
161.000000
transaction
2826
8970
306.000000
transaction
9042
7837
220.000000
transaction
2067
9985
252.000000
transaction
7194
4040
11.000000
transaction
4040
8756
231.000000
transaction
1115
4281
315.000000
transaction
8343
2398
10.000000
transaction
9389
8466
464.000000
transaction
9189
8348
51.000000
transaction
7657
9043
345.000000
transaction
8714
1323
230.000000
transaction
4811
9389
101.000000
transaction
6389
6224
152.000000
transaction
6914
8463
432.000000
transaction
3485
1323
115.000000
transaction
6136
1452
348.000000
transaction
3114
4206
416.000000
transaction
8714
3370
193.000000
transaction
5096
2067
268.000000
transaction
9661
4463
255.000000
transaction
9389
2752
413.000000
transaction
3043
6224
56.000000
transaction
8106
7194
365.000000
transaction
3370
8685
142.000000
transaction
1452
1452
147.000000
transaction
3114
2067
205.000000
transaction
3043
4426
337.000000
transaction
4463
2463
260.000000
transaction
8620
6883
125.000000
transaction
9987
1652
260.000000
transaction
1323
9987
178.000000
transaction
2752
7837
387.000000
transaction
3850
9661
254.000000
transaction
9189
7837
236.000000
transaction
8714
8466
342.000000
transaction
8669
5484
155.000000
transaction
8947
7837
341.000000
transaction
3043
6389
57.000000
transaction
4206
4726
470.000000
transaction
1652
4661
278.000000
transaction
7232
5067
29.000000
transaction
9941
2004
452.000000
transaction
8756
4661
147.000000
transaction
9122
8588
118.000000
transaction
3370
6883
148.000000
transaction
2463
4876
498.000000
transaction
3161
3868
369.000000
transaction
6914
9985
380.000000
transaction
2826
4118
18.000000
transaction
4811
9389
107.000000
transaction
2463
6480
401.000000
transaction
9696
1652
313.000000
transaction
5270
5071
102.000000
transaction
5130
4196
281.000000
transaction
7004
1493
194.000000
transaction
6914
8348
135.000000
transaction
6645
9985
13.000000
transaction
8669
6645
312.000000
transaction
6480
4196
494.000000
transaction
4040
3161
185.000000
transaction
9042
4811
496.000000
transaction
9043
9043
456.000000
transaction
5651
4463
99.000000
transaction
5885
8685
383.000000
transaction
8970
9696
42.000000
transaction
8588
1900
417.000000
transaction
7062
7837
367.000000
transaction
8466
1245
380.000000
transaction
4819
7004
363.000000
transaction
8970
5071
285.000000
transaction
7657
4118
276.000000
transaction
2752
7588
364.000000
transaction
8242
3043
351.000000
transaction
3370
3850
384.000000
transaction
1323
6914
432.000000
transaction
9985
4819
143.000000
transaction
7194
6224
14.000000
transaction
4281
4426
118.000000
transaction
7062
3868
333.000000
transaction
3868
1900
28.000000
transaction
1900
8685
310.000000
transaction
4726
5651
79.000000
transaction
1115
3485
352.000000
transaction
5651
5270
229.000000
transaction
9042
1323
492.000000
transaction
2826
6136
184.000000
transaction
6645
3161
441.000000
transaction
3868
1652
127.000000
transaction
9661
8106
53.000000
transaction
8620
5651
417.000000
transaction
1452
6914
50.000000
transaction
7232
1026
301.000000
transaction
9985
5991
125.000000
transaction
5432
6224
325.000000
transaction
4118
5081
430.000000
transaction
8242
6914
185.000000
transaction
6137
8343
360.000000
transaction
5432
5689
468.000000
transaction
3956
5270
92.000000
transaction
4206
8588
243.000000
transaction
5380
8970
57.000000
transaction
9941
1323
310.000000
transaction
9985
1245
364.000000
transaction
8343
1323
421.000000
transaction
9985
4463
217.000000
transaction
3956
6645
331.000000
transaction
7062
7232
406.000000
transaction
3370
2752
158.000000
transaction
5067
9941
58.000000
transaction
8970
4055
436.000000
transaction
4040
4055
173.000000
transaction
8947
3868
78.000000
transaction
5096
8463
82.000000
transaction
1652
5651
239.000000
transaction
8685
5432
74.000000
transaction
5432
4055
134.000000
transaction
8669
5096
102.000000
transaction
4661
3043
272.000000
transaction
5130
2280
121.000000
transaction
1245
9987
202.000000
transaction
9389
3956
431.000000
transaction
2398
7062
209.000000
transaction
9528
1733
486.000000
transaction
3868
7657
89.000000
transaction
2463
5651
490.000000
transaction
4876
5689
471.000000
transaction
8343
4206
216.000000
transaction
3956
3114
436.000000
transaction
5484
7232
450.000000
transaction
3161
3370
202.000000
transaction
3370
2280
229.000000
transaction
5885
8714
145.000000
transaction
6914
3956
55.000000
transaction
9987
1323
25.000000
transaction
4811
3114
328.000000
transaction
4040
6914
32.000000
transaction
9987
9122
265.000000
transaction
7192
7194
486.000000
transaction
1136
7657
206.000000
transaction
1245
9488
130.000000
transaction
1293
2463
396.000000
transaction
8970
7588
178.000000
transaction
4055
8756
405.000000
transaction
4463
4426
10.000000
transaction
1900
8242
231.000000
transaction
9305
5991
345.000000
transaction
3161
5885
133.000000
transaction
9042
3034
401.000000
transaction
3370
8242
271.000000
transaction
4055
4055
363.000000
transaction
6389
8970
231.000000
transaction
1323
7657
101.000000
transaction
8756
5689
236.000000
transaction
4811
9043
123.000000
transaction
5432
9987
348.000000
transaction
4196
4876
402.000000
transaction
8463
7004
107.000000
transaction
6645
5432
179.000000
transaction
6645
3850
52.000000
transaction
4118
5991
233.000000
transaction
5096
7062
219.000000
transaction
8348
3114
441.000000
transaction
3956
1293
45.000000
transaction
2398
5081
233.000000
transaction
4661
5096
84.000000
transaction
4529
4040
425.000000
transaction
4726
6137
289.000000
transaction
5081
2752
290.000000
transaction
3161
8466
267.000000
transaction
3868
6645
73.000000
transaction
1761
6224
189.000000
transaction
4040
8947
11.000000
transaction
3114
2004
215.000000
transaction
7095
8620
411.000000
transaction
5432
7232
108.000000
transaction
4206
1293
37.000000
transaction
1733
5067
245.000000
transaction
5432
4811
162.000000
transaction
9305
2067
392.000000
transaction
6224
9389
204.000000
transaction
4055
1136
461.000000
transaction
2826
8714
245.000000
transaction
4040
1245
9.000000
transaction
9638
3114
488.000000
transaction
1323
7657
8.000000
transaction
7062
6136
213.000000
transaction
5689
2463
207.000000
transaction
9941
7095
246.000000
transaction
1761
6136
360.000000
transaction
1115
7062
451.000000
transaction
1293
9638
105.000000
transaction
2463
7062
188.000000
transaction
2067
9488
343.000000
transaction
3114
9042
264.000000
transaction
6883
5071
387.000000
transaction
7232
6645
442.000000
transaction
4206
2004
58.000000
transaction
4811
1733
375.000000
transaction
8947
8106
330.000000
transaction
9661
8242
395.000000
transaction
9985
4118
141.000000
transaction
1136
5130
405.000000
transaction
4876
1900
49.000000
transaction
4529
8970
287.000000
transaction
9987
5130
383.000000
transaction
4661
7192
443.000000
transaction
8588
5651
355.000000
transaction
9043
9305
217.000000
transaction
6883
3868
189.000000
transaction
5071
3161
14.000000
transaction
4661
8106
44.000000
transaction
4055
3868
443.000000
transaction
4281
7232
454.000000
transaction
4281
6137
439.000000
transaction
3034
6136
237.000000
transaction
1115
9528
356.000000
transaction
5071
3370
7.000000
transaction
5484
1900
249.000000
transaction
2826
3485
475.000000
transaction
1452
7194
249.000000
transaction
3034
6137
21.000000
exit
y
y
