y
transaction
5487
5380
425.000000
transaction
7482
7268
22.000000
transaction
1434
7204
80.000000
transaction
8933
6309
320.000000
transaction
3510
5069
133.000000
transaction
3917
7650
395.000000
transaction
3534
2014
464.000000
transaction
8893
8486
35.000000
transaction
4897
7575
366.000000
transaction
7762
9605
464.000000
transaction
3153
8928
58.000000
transaction
5337
6820
128.000000
transaction
2556
3215
47.000000
transaction
5512
6806
456.000000
transaction
3153
8383
44.000000
transaction
5732
6658
222.000000
transaction
8986
8311
83.000000
transaction
6381
3806
20.000000
transaction
8928
6381
495.000000
transaction
1811
8549
443.000000
transaction
7447
6150
434.000000
transaction
8181
5700
249.000000
transaction
6658
6658
219.000000
transaction
6391
6381
181.000000
transaction
6978
7496
117.000000
transaction
2014
3510
329.000000
transaction
8311
3140
111.000000
transaction
3153
3917
134.000000
transaction
5069
3153
443.000000
transaction
8311
3917
283.000000
transaction
4020
5732
138.000000
transaction
2048
8181
138.000000
transaction
6612
5378
98.000000
transaction
7650
9878
7.000000
transaction
2014
3215
480.000000
transaction
4020
4072
353.000000
transaction
6012
6658
168.000000
transaction
3140
7629
93.000000
transaction
1098
6945
161.000000
transaction
9197
5700
237.000000
transaction
4548
3917
285.000000
transaction
7094
4897
66.000000
transaction
1499
5585
59.000000
transaction
6012
7543
311.000000
transaction
6612
8413
128.000000
transaction
8928
6694
406.000000
transaction
5487
3140
218.000000
transaction
6820
8311
146.000000
transaction
1769
4928
211.000000
transaction
7204
4608
110.000000
transaction
1499
6612
434.000000
transaction
5337
7650
320.000000
transaction
6381
4818
166.000000
transaction
7242
5166
40.000000
transaction
7762
5834
124.000000
transaction
6381
5337
238.000000
transaction
6806
5069
153.000000
transaction
4730
9878
387.000000
transaction
7629
1715
222.000000
transaction
8512
4020
304.000000
transaction
5700
4471
63.000000
transaction
8167
3364
193.000000
transaction
5985
4608
126.000000
transaction
3215
9764
16.000000
transaction
6309
4471
165.000000
transaction
4794
8486
406.000000
transaction
7268
9878
442.000000
transaction
7496
4608
293.000000
transaction
2053
1715
199.000000
transaction
4818
5585
24.000000
transaction
8819
8931
4.000000
transaction
1499
4020
277.000000
transaction
9197
7650
407.000000
transaction
7482
5615
305.000000
transaction
8549
1434
485.000000
transaction
1499
8512
370.000000
transaction
6658
1769
421.000000
transaction
6012
8167
151.000000
transaction
5585
5512
409.000000
transaction
5487
4548
54.000000
transaction
3254
3215
399.000000
transaction
7543
3364
376.000000
transaction
5845
7204
453.000000
transaction
1811
8928
499.000000
transaction
2485
7762
53.000000
transaction
5732
4897
92.000000
transaction
3215
8986
499.000000
transaction
5114
5732
132.000000
transaction
5211
8933
376.000000
transaction
5700
8893
305.000000
transaction
6012
6612
74.000000
transaction
1499
4818
247.000000
transaction
7762
8383
14.000000
transaction
8311
8928
206.000000
transaction
8167
6150
336.000000
transaction
8413
1499
70.000000
transaction
7575
7482
165.000000
transaction
7543
6694
265.000000
transaction
6381
1098
458.000000
transaction
8413
1098
499.000000
transaction
5337
1620
59.000000
transaction
2556
1811
492.000000
transaction
6612
8512
428.000000
transaction
4020
7242
271.000000
transaction
4608
1098
179.000000
transaction
3215
8413
134.000000
transaction
5211
2485
7.000000
transaction
6150
5166
420.000000
transaction
3340
9197
173.000000
transaction
4471
7937
173.000000
transaction
4086
7447
30.000000
transaction
8486
8413
438.000000
transaction
4471
9605
476.000000
transaction
6150
3510
96.000000
transaction
7762
1499
148.000000
transaction
6309
3364
184.000000
transaction
8893
2053
296.000000
transaction
9197
7094
186.000000
transaction
3140
5114
133.000000
transaction
8549
7094
364.000000
transaction
2053
5585
35.000000
transaction
5337
4608
220.000000
transaction
4548
2048
16.000000
transaction
6309
3254
289.000000
transaction
1499
9605
392.000000
transaction
5845
5985
364.000000
transaction
4818
5378
276.000000
transaction
8181
8893
494.000000
transaction
7094
6309
432.000000
transaction
9878
9197
250.000000
transaction
6806
6391
95.000000
transaction
9615
5845
377.000000
transaction
7242
4730
87.000000
transaction
8383
8549
5.000000
transaction
3806
8899
401.000000
transaction
2747
8931
305.000000
transaction
7650
4020
147.000000
transaction
1605
6391
488.000000
transaction
9764
4020
44.000000
transaction
8181
7629
191.000000
transaction
4608
5166
249.000000
transaction
3917
8549
99.000000
transaction
1098
6150
30.000000
transaction
5166
8899
369.000000
transaction
9197
2556
359.000000
transaction
9197
7937
203.000000
transaction
1098
2014
28.000000
transaction
9764
2556
187.000000
transaction
8486
6820
364.000000
transaction
8167
5512
340.000000
transaction
7327
4072
330.000000
transaction
7327
1434
370.000000
transaction
3364
6075
177.000000
transaction
5834
8933
120.000000
transaction
7268
8819
485.000000
transaction
7937
4928
165.000000
transaction
8181
8549
226.000000
transaction
1811
5114
91.000000
transaction
5615
7543
255.000000
transaction
6694
6075
351.000000
transaction
5985
7629
278.000000
transaction
8311
9764
332.000000
transaction
1499
3254
187.000000
transaction
7937
3340
280.000000
transaction
5845
8819
320.000000
transaction
4928
7204
355.000000
transaction
5980
5732
395.000000
transaction
7629
2014
232.000000
transaction
7094
6150
59.000000
transaction
7482
7268
213.000000
transaction
3806
3510
442.000000
transaction
5985
6150
140.000000
transaction
8383
6391
111.000000
transaction
7268
8899
30.000000
transaction
1098
5337
119.000000
transaction
3340
4086
86.000000
transaction
4072
7762
487.000000
transaction
7482
1715
496.000000
transaction
6150
7496
3.000000
transaction
2556
9615
372.000000
transaction
7762
3364
146.000000
transaction
7447
3917
301.000000
transaction
2048
6658
412.000000
transaction
7482
4548
154.000000
transaction
1434
8311
294.000000
transaction
7482
6012
374.000000
transaction
2014
7937
204.000000
transaction
9197
1499
11.000000
transaction
5380
6612
236.000000
transaction
5585
7482
133.000000
transaction
7242
1434
406.000000
transaction
2556
7496
330.000000
transaction
7094
5069
90.000000
transaction
7650
1811
372.000000
transaction
4608
6806
454.000000
transaction
7575
4897
7.000000
transaction
1098
5512
239.000000
transaction
1605
5211
394.000000
transaction
2747
8311
353.000000
transaction
1277
7937
378.000000
transaction
4818
9878
32.000000
transaction
5166
2556
406.000000
transaction
3364
4730
342.000000
transaction
6694
1811
450.000000
transaction
4794
8899
113.000000
transaction
5114
3215
299.000000
transaction
9605
3254
243.000000
transaction
8512
3534
135.000000
transaction
7937
8819
469.000000
transaction
8413
8893
248.000000
transaction
2556
7543
47.000000
transaction
5512
6978
12.000000
transaction
5834
5114
443.000000
transaction
5380
9764
103.000000
transaction
5512
8383
293.000000
transaction
6309
7482
363.000000
transaction
1715
7242
481.000000
transaction
5834
1715
55.000000
transaction
8383
5166
95.000000
transaction
1499
7543
484.000000
transaction
5845
8549
410.000000
transaction
5732
8383
427.000000
transaction
2485
8486
364.000000
transaction
1715
4086
15.000000
transaction
2014
7447
398.000000
transaction
6012
7937
170.000000
transaction
3140
8512
191.000000
transaction
5700
8549
49.000000
transaction
1277
3534
287.000000
transaction
9197
4020
461.000000
transaction
4608
4086
300.000000
transaction
8931
7575
484.000000
transaction
3254
5211
121.000000
transaction
4897
5615
348.000000
transaction
5732
1769
172.000000
transaction
9615
6658
203.000000
transaction
3254
4471
241.000000
transaction
1811
4086
380.000000
transaction
6381
4548
402.000000
transaction
9197
7629
127.000000
transaction
6309
6612
154.000000
transaction
6150
5980
382.000000
transaction
8899
3510
173.000000
transaction
2048
1769
119.000000
transaction
2048
6150
378.000000
transaction
4818
5985
39.000000
transaction
8549
7447
19.000000
transaction
8167
4730
446.000000
transaction
6612
5337
227.000000
transaction
6694
5069
456.000000
transaction
5211
5512
115.000000
transaction
8933
5980
318.000000
transaction
4072
5380
491.000000
transaction
9764
1605
499.000000
transaction
7268
7094
206.000000
transaction
5615
5980
11.000000
transaction
5069
8928
82.000000
transaction
1715
7447
165.000000
transaction
1605
4608
106.000000
transaction
4608
5487
394.000000
transaction
5114
8383
138.000000
transaction
1499
4471
489.000000
transaction
3364
1715
283.000000
transaction
6820
6309
140.000000
transaction
2556
4020
258.000000
transaction
3254
3917
162.000000
transaction
4471
2485
53.000000
transaction
6694
3340
24.000000
transaction
4072
7575
306.000000
transaction
8383
6381
302.000000
transaction
7629
9197
285.000000
transaction
6978
9764
465.000000
transaction
6012
7447
371.000000
transaction
8819
4897
27.000000
transaction
4086
5700
405.000000
transaction
5069
3215
29.000000
transaction
9615
5615
493.000000
transaction
5834
6612
464.000000
transaction
3917
5114
239.000000
transaction
8311
3364
397.000000
transaction
8383
5732
244.000000
transaction
7204
6978
42.000000
transaction
4730
7447
313.000000
transaction
1277
6612
399.000000
transaction
7937
5166
298.000000
transaction
8383
7543
216.000000
transaction
6820
7482
14.000000
transaction
6309
3510
273.000000
transaction
3340
9764
11.000000
transaction
2048
8167
183.000000
transaction
1715
6820
184.000000
transaction
1277
4608
149.000000
transaction
5380
2556
420.000000
transaction
1769
7094
131.000000
transaction
6381
5585
69.000000
transaction
6150
8181
344.000000
transaction
3534
5512
468.000000
transaction
4928
1098
289.000000
transaction
6612
7482
387.000000
transaction
3510
8311
419.000000
transaction
1605
5337
482.000000
transaction
5211
5378
64.000000
transaction
5211
4928
277.000000
transaction
6612
5380
195.000000
transaction
8893
1098
493.000000
transaction
6391
6150
74.000000
transaction
6012
7650
318.000000
transaction
3364
6945
71.000000
transaction
6658
3806
443.000000
transaction
9878
5585
377.000000
transaction
3215
1277
417.000000
transaction
9878
8931
10.000000
transaction
6806
4730
345.000000
transaction
8928
8899
88.000000
transaction
5114
4794
340.000000
transaction
8181
5380
47.000000
transaction
6075
5700
276.000000
transaction
3917
7204
40.000000
transaction
5615
7937
315.000000
transaction
8819
7762
260.000000
transaction
3153
9605
113.000000
transaction
8413
5700
205.000000
transaction
8933
6694
389.000000
transaction
5114
1605
231.000000
transaction
7629
8986
363.000000
transaction
3140
7575
57.000000
transaction
6694
4608
304.000000
transaction
5069
1715
423.000000
transaction
4086
5985
203.000000
transaction
5380
8931
233.000000
transaction
6012
6658
229.000000
transaction
3254
5512
228.000000
transaction
7543
5114
442.000000
transaction
6806
7543
146.000000
transaction
8933
1499
240.000000
transaction
1769
3254
68.000000
transaction
6945
4794
350.000000
transaction
7204
3364
256.000000
transaction
5380
1098
60.000000
transaction
5512
5380
204.000000
transaction
7629
5700
64.000000
transaction
6381
6978
408.000000
transaction
5069
5337
245.000000
transaction
7650
1434
271.000000
transaction
3806
5700
74.000000
transaction
2747
6150
345.000000
transaction
8181
3340
129.000000
transaction
4608
5166
201.000000
transaction
5114
8167
101.000000
transaction
5732
7629
495.000000
transaction
5980
1620
143.000000
transaction
2747
6806
8.000000
transaction
3510
9764
500.000000
transaction
3215
4471
155.000000
transaction
8819
5980
202.000000
transaction
2556
3215
209.000000
transaction
6381
5980
28.000000
transaction
5114
4818
19.000000
transaction
5166
3806
251.000000
transaction
5166
7447
428.000000
transaction
4818
3806
133.000000
transaction
7575
5114
447.000000
transaction
4897
2053
97.000000
transaction
8512
4471
25.000000
transaction
8931
7242
228.000000
transaction
8933
8311
298.000000
transaction
1434
8928
449.000000
transaction
8181
4548
234.000000
transaction
5980
7204
57.000000
transaction
1434
6381
329.000000
transaction
8181
8899
104.000000
transaction
2556
3215
241.000000
transaction
2053
1605
204.000000
transaction
1769
5380
33.000000
transaction
8413
4897
53.000000
transaction
6820
7937
135.000000
transaction
6658
4818
179.000000
transaction
6658
3140
108.000000
transaction
8986
3254
327.000000
transaction
5845
3364
84.000000
transaction
4608
1277
227.000000
transaction
4818
7094
396.000000
transaction
4072
7650
452.000000
transaction
4548
5114
394.000000
transaction
2556
7496
228.000000
transaction
7094
5069
8.000000
transaction
1098
9615
441.000000
transaction
7762
6381
408.000000
transaction
5114
5980
427.000000
transaction
3140
6075
99.000000
transaction
9878
5069
1.000000
transaction
7650
7327
319.000000
transaction
3917
9605
149.000000
transaction
7629
7650
86.000000
transaction
7268
8928
211.000000
transaction
5834
2014
47.000000
transaction
1811
6694
244.000000
transaction
1098
8931
454.000000
transaction
1811
4548
57.000000
transaction
8512
5585
111.000000
transaction
5069
9605
148.000000
transaction
8819
4020
270.000000
transaction
1769
5834
218.000000
transaction
6150
4020
195.000000
transaction
8931
5700
438.000000
transaction
1434
5732
147.000000
transaction
1098
6309
309.000000
transaction
5512
6309
101.000000
transaction
5834
3153
130.000000
transaction
1620
6075
427.000000
transaction
7242
8928
75.000000
transaction
7204
7937
300.000000
transaction
5069
5166
202.000000
transaction
6012
5585
379.000000
transaction
5700
8893
226.000000
transaction
8486
8928
174.000000
transaction
4730
8931
82.000000
transaction
5211
8819
39.000000
transaction
8928
5114
155.000000
transaction
3510
8986
62.000000
transaction
9878
6806
153.000000
transaction
7543
4548
484.000000
transaction
4020
6978
375.000000
transaction
4072
7327
120.000000
transaction
1620
7327
10.000000
transaction
8311
6150
253.000000
transaction
1811
5166
397.000000
transaction
8893
4608
37.000000
transaction
4086
3510
126.000000
transaction
4897
8986
221.000000
transaction
9197
8986
135.000000
transaction
9878
3364
165.000000
transaction
8311
5585
282.000000
transaction
1811
3917
205.000000
transaction
4471
8181
275.000000
transaction
8893
6820
282.000000
transaction
8933
3806
20.000000
transaction
8899
2556
2.000000
transaction
7762
8931
476.000000
transaction
1605
7762
70.000000
transaction
3917
4020
416.000000
transaction
2048
3917
236.000000
transaction
4072
6612
34.000000
transaction
6658
7204
158.000000
transaction
6945
5700
191.000000
transaction
5166
8819
154.000000
transaction
3340
8311
130.000000
transaction
8899
3917
495.000000
transaction
5512
1434
139.000000
transaction
3340
6391
218.000000
transaction
8819
4897
143.000000
transaction
6309
5585
420.000000
transaction
8928
7447
179.000000
transaction
7629
4730
498.000000
transaction
4818
5700
498.000000
transaction
3806
8486
186.000000
transaction
4548
6309
20.000000
transaction
2048
9878
396.000000
transaction
1605
5487
499.000000
transaction
8986
2747
9.000000
transaction
2053
6075
444.000000
transaction
1715
2048
289.000000
transaction
7650
6075
412.000000
transaction
1769
4608
244.000000
transaction
1605
3153
191.000000
transaction
1277
8928
29.000000
transaction
5211
7482
37.000000
transaction
2048
8311
236.000000
transaction
1715
5166
331.000000
transaction
6309
4818
445.000000
transaction
6945
9605
352.000000
transaction
1769
6075
262.000000
transaction
9197
4730
116.000000
transaction
1769
5166
447.000000
transaction
1434
9197
263.000000
transaction
5512
5732
254.000000
transaction
7482
8549
427.000000
transaction
6694
9764
261.000000
transaction
9605
1605
400.000000
transaction
7937
2485
333.000000
transaction
7575
7629
481.000000
transaction
4072
8413
136.000000
transaction
5337
4730
67.000000
transaction
6150
8899
158.000000
transaction
6012
8931
53.000000
transaction
7204
5114
101.000000
transaction
7496
6694
341.000000
transaction
5980
3534
291.000000
transaction
2053
7447
347.000000
transaction
2048
1434
359.000000
transaction
8986
4548
335.000000
transaction
7575
6309
219.000000
transaction
6806
5732
3.000000
transaction
4471
1499
393.000000
transaction
5114
2014
486.000000
transaction
8893
7629
175.000000
transaction
5380
5834
488.000000
transaction
8311
1098
463.000000
transaction
3917
2485
334.000000
transaction
7327
7543
488.000000
transaction
4471
3510
17.000000
transaction
2747
5732
125.000000
transaction
8486
2048
73.000000
transaction
8549
8899
329.000000
transaction
7937
4471
338.000000
transaction
6945
7268
66.000000
transaction
8899
2053
416.000000
transaction
7762
5585
368.000000
transaction
5337
7268
480.000000
transaction
4020
5211
207.000000
transaction
2485
3340
380.000000
transaction
8167
4897
128.000000
transaction
1620
3340
290.000000
transaction
4548
1715
80.000000
transaction
6381
8486
360.000000
transaction
5615
1434
330.000000
transaction
2485
5512
441.000000
transaction
4086
7543
387.000000
transaction
8986
2747
308.000000
transaction
4072
8928
348.000000
transaction
8413
6150
67.000000
transaction
6820
5069
301.000000
transaction
8899
5378
472.000000
transaction
4730
7327
230.000000
transaction
6806
8167
468.000000
transaction
3534
4072
170.000000
transaction
5980
5166
66.000000
transaction
5487
3215
441.000000
transaction
8181
2485
107.000000
transaction
8893
8899
399.000000
transaction
8819
7543
6.000000
transaction
6075
5114
242.000000
transaction
1769
7937
435.000000
transaction
4608
2048
158.000000
transaction
6658
3917
238.000000
transaction
4086
5615
364.000000
transaction
5732
5834
455.000000
transaction
2556
5585
72.000000
transaction
1620
4072
84.000000
transaction
2485
7204
26.000000
transaction
6806
6150
400.000000
transaction
7204
6806
289.000000
transaction
6694
3510
468.000000
transaction
9197
5980
430.000000
transaction
5985
2053
255.000000
transaction
8893
5166
153.000000
transaction
1620
5166
103.000000
transaction
6612
5985
248.000000
transaction
4608
2014
326.000000
transaction
7094
3510
146.000000
transaction
8928
4928
201.000000
transaction
5487
6150
263.000000
transaction
4730
3153
484.000000
transaction
5980
2053
188.000000
transaction
8167
3153
399.000000
transaction
8512
1620
290.000000
transaction
5211
6806
28.000000
transaction
8933
3510
32.000000
transaction
5337
1605
242.000000
transaction
3215
7327
115.000000
transaction
6806
2556
51.000000
transaction
6820
6309
406.000000
transaction
7650
5337
422.000000
transaction
2556
8928
385.000000
transaction
1098
3806
101.000000
transaction
5845
2048
159.000000
transaction
8928
5834
421.000000
transaction
3340
8986
195.000000
transaction
5845
4897
199.000000
transaction
5487
1499
221.000000
transaction
6391
7094
286.000000
transaction
1811
8181
295.000000
transaction
6978
2048
35.000000
transaction
5166
7575
178.000000
transaction
3534
4086
301.000000
transaction
7575
7762
11.000000
transaction
4818
7268
312.000000
transaction
1620
5337
306.000000
transaction
9878
5487
92.000000
transaction
5834
8512
496.000000
transaction
3510
5512
14.000000
transaction
1769
1605
347.000000
transaction
6012
3510
257.000000
transaction
8549
6612
433.000000
transaction
6945
4897
412.000000
transaction
6945
6694
390.000000
transaction
4086
8986
212.000000
transaction
8899
5980
404.000000
transaction
9605
1499
147.000000
transaction
5211
5985
386.000000
transaction
8512
4072
382.000000
transaction
9878
8486
187.000000
transaction
5585
5166
408.000000
transaction
6075
4020
320.000000
transaction
5166
5378
306.000000
transaction
5834
6381
467.000000
transaction
8928
5069
313.000000
transaction
1434
4086
264.000000
transaction
6381
7575
367.000000
transaction
6309
7094
172.000000
transaction
5378
6012
250.000000
transaction
3534
1605
35.000000
transaction
6658
5845
173.000000
transaction
3364
6309
50.000000
transaction
8928
8986
343.000000
transaction
9605
5487
500.000000
transaction
6806
4897
89.000000
transaction
7543
8819
216.000000
transaction
8893
5615
243.000000
transaction
6309
6075
409.000000
transaction
7937
9197
62.000000
transaction
4471
7268
419.000000
transaction
6806
4608
121.000000
transaction
8512
1434
277.000000
transaction
4928
8933
171.000000
transaction
7650
8893
214.000000
transaction
4471
1499
1.000000
transaction
3153
7650
389.000000
transaction
8383
7094
487.000000
transaction
4020
7543
441.000000
transaction
8512
1620
488.000000
transaction
9878
8486
158.000000
transaction
3215
9878
340.000000
transaction
5114
8486
294.000000
transaction
2556
3364
487.000000
transaction
4928
5834
428.000000
transaction
1277
7762
83.000000
transaction
1277
8986
412.000000
transaction
5378
4608
178.000000
transaction
8167
1769
305.000000
transaction
7482
8933
462.000000
transaction
6658
5585
400.000000
transaction
7268
6806
299.000000
transaction
1811
5985
37.000000
transaction
1277
3215
309.000000
transaction
5211
6012
459.000000
transaction
3254
6075
337.000000
transaction
1098
1769
383.000000
transaction
2053
1098
165.000000
transaction
5337
4794
73.000000
transaction
9605
1620
218.000000
transaction
2048
6978
163.000000
transaction
2014
8512
178.000000
transaction
6612
8986
30.000000
transaction
9197
5700
347.000000
transaction
1605
5166
152.000000
transaction
6806
1811
158.000000
transaction
5845
6658
217.000000
transaction
8413
3806
218.000000
transaction
5834
3140
350.000000
transaction
3510
2485
407.000000
transaction
5166
7543
172.000000
transaction
6012
4928
210.000000
transaction
4608
8986
304.000000
transaction
2053
8899
303.000000
transaction
6381
5615
193.000000
transaction
6694
1811
401.000000
transaction
3254
2048
361.000000
transaction
4928
8986
484.000000
transaction
1605
9197
152.000000
transaction
1620
3153
316.000000
transaction
2485
1769
290.000000
transaction
4928
2485
325.000000
transaction
5585
5380
219.000000
transaction
1098
6012
361.000000
transaction
1499
6806
207.000000
transaction
5700
7575
67.000000
transaction
5732
8986
277.000000
transaction
6658
8181
424.000000
transaction
9605
5114
319.000000
transaction
5700
5380
388.000000
transaction
6806
6075
347.000000
transaction
1499
8899
359.000000
transaction
4086
4928
453.000000
transaction
9615
4928
158.000000
transaction
2048
8899
320.000000
transaction
7242
5166
148.000000
transaction
4928
5166
94.000000
transaction
6820
5845
375.000000
transaction
5166
5615
264.000000
transaction
6381
5585
406.000000
transaction
9605
6612
61.000000
transaction
5380
6806
103.000000
transaction
1098
5378
38.000000
transaction
5985
8928
225.000000
transaction
2014
1277
116.000000
transaction
8167
7268
106.000000
transaction
4086
6309
96.000000
transaction
7482
3364
446.000000
transaction
9764
6391
493.000000
transaction
6694
7204
90.000000
transaction
7204
6820
350.000000
transaction
7937
1620
264.000000
transaction
8181
6381
158.000000
transaction
7327
2014
249.000000
transaction
8986
7327
250.000000
transaction
6694
1499
71.000000
transaction
3254
8311
428.000000
transaction
2556
6150
300.000000
transaction
6612
6012
258.000000
transaction
1499
3140
178.000000
transaction
5512
8311
241.000000
transaction
5585
6694
499.000000
transaction
2014
8986
456.000000
transaction
7094
6945
418.000000
transaction
7094
2048
40.000000
transaction
3140
3917
143.000000
transaction
5114
5380
226.000000
transaction
6945
1811
381.000000
transaction
3140
7204
334.000000
transaction
4020
3534
201.000000
transaction
1434
7094
183.000000
transaction
8986
2485
396.000000
transaction
5512
7496
442.000000
transaction
1098
8928
6.000000
transaction
7268
6381
369.000000
transaction
1811
3917
293.000000
transaction
1499
6694
87.000000
transaction
4471
7762
495.000000
transaction
6658
8933
314.000000
transaction
8933
3254
36.000000
transaction
8986
7482
455.000000
transaction
4471
7204
67.000000
transaction
7629
2053
192.000000
transaction
3215
6820
283.000000
transaction
7575
8413
440.000000
transaction
9197
5585
116.000000
transaction
5211
5732
177.000000
transaction
4020
7629
107.000000
transaction
3364
5069
1.000000
transaction
8486
8181
171.000000
transaction
3510
4086
296.000000
transaction
7575
1811
263.000000
transaction
8933
8413
126.000000
transaction
8413
6012
342.000000
transaction
3254
8167
178.000000
transaction
2014
4086
323.000000
transaction
3917
7094
271.000000
transaction
1098
8931
99.000000
transaction
6612
6945
187.000000
transaction
6612
5834
221.000000
transaction
8181
3534
48.000000
transaction
7629
5834
408.000000
transaction
8899
8986
344.000000
transaction
7242
4608
150.000000
transaction
6694
5732
330.000000
transaction
5166
6381
310.000000
transaction
6694
8181
176.000000
transaction
8383
4897
220.000000
transaction
4897
8933
436.000000
transaction
7482
1605
286.000000
transaction
8931
5114
360.000000
transaction
8931
7094
410.000000
transaction
9878
1811
204.000000
transaction
5487
7629
287.000000
transaction
8931
8893
235.000000
transaction
7496
4471
45.000000
transaction
8311
5378
478.000000
transaction
2048
7629
212.000000
transaction
4548
2048
57.000000
transaction
6978
8383
13.000000
transaction
1434
4086
103.000000
transaction
2556
3340
269.000000
transaction
7543
3340
477.000000
transaction
4608
2747
206.000000
transaction
3153
6391
295.000000
transaction
5845
4730
275.000000
transaction
8986
7094
116.000000
transaction
7482
7629
293.000000
transaction
4928
6381
255.000000
transaction
5512
3534
190.000000
transaction
1811
7629
318.000000
transaction
2048
8899
389.000000
transaction
4608
6945
108.000000
transaction
6612
8986
374.000000
transaction
6945
6806
132.000000
transaction
2048
2556
416.000000
transaction
8486
6612
182.000000
transaction
5985
8383
458.000000
transaction
5512
7447
315.000000
transaction
5980
7204
190.000000
transaction
5337
7575
218.000000
transaction
2014
5166
260.000000
transaction
9764
3364
225.000000
transaction
6381
7937
371.000000
transaction
4730
9197
486.000000
transaction
2747
1715
99.000000
transaction
4548
5487
310.000000
transaction
6806
9197
394.000000
transaction
3340
8931
265.000000
transaction
8512
5487
184.000000
transaction
4086
4928
459.000000
transaction
9605
5585
249.000000
transaction
6309
5487
470.000000
transaction
4794
1098
449.000000
transaction
6075
4730
97.000000
transaction
5211
9764
3.000000
transaction
5114
4086
146.000000
transaction
9878
8899
141.000000
transaction
8931
6694
133.000000
transaction
1811
9878
228.000000
transaction
8928
7762
264.000000
transaction
1277
7575
409.000000
transaction
5845
4730
52.000000
transaction
7447
6820
152.000000
transaction
7447
3215
436.000000
transaction
7204
6381
386.000000
transaction
3510
5615
65.000000
transaction
7094
5585
155.000000
transaction
6612
8893
169.000000
transaction
5487
5834
420.000000
transaction
7447
8931
99.000000
transaction
8512
8986
126.000000
transaction
8986
9605
57.000000
transaction
9615
3340
172.000000
transaction
1098
8899
341.000000
transaction
8549
6391
198.000000
transaction
7482
7937
397.000000
transaction
5114
9764
394.000000
transaction
5487
2014
436.000000
transaction
2053
5985
285.000000
transaction
8383
7575
478.000000
transaction
4818
6694
324.000000
transaction
6391
1769
72.000000
transaction
7094
1605
191.000000
transaction
5114
1620
333.000000
transaction
7650
5512
243.000000
transaction
4086
3215
275.000000
transaction
7575
6075
73.000000
transaction
7242
5834
482.000000
transaction
1499
2556
486.000000
transaction
5337
9605
314.000000
transaction
7268
4548
227.000000
transaction
5512
5211
135.000000
transaction
3140
6381
291.000000
transaction
6381
8986
348.000000
transaction
5378
3806
93.000000
transaction
8413
1434
262.000000
transaction
6391
4548
68.000000
transaction
8311
9764
17.000000
transaction
3140
6012
482.000000
transaction
1098
5585
178.000000
transaction
6978
2747
259.000000
transaction
8931
6391
350.000000
transaction
7762
4020
7.000000
transaction
3364
4897
253.000000
transaction
3364
7629
429.000000
transaction
6945
6658
231.000000
transaction
4020
7327
261.000000
transaction
5512
5985
411.000000
transaction
2485
7204
116.000000
transaction
8986
3340
162.000000
transaction
7447
8486
376.000000
transaction
8311
4548
287.000000
transaction
8383
6612
112.000000
transaction
8899
4730
247.000000
transaction
5380
5980
375.000000
transaction
7327
7204
35.000000
transaction
6012
8931
57.000000
transaction
6978
8819
309.000000
transaction
7575
1277
476.000000
transaction
5380
9197
247.000000
transaction
1499
3254
84.000000
transaction
4730
5985
213.000000
transaction
3215
5069
324.000000
transaction
8167
4072
208.000000
transaction
7762
3364
211.000000
transaction
5985
5487
279.000000
transaction
5166
9605
23.000000
transaction
5615
6694
12.000000
transaction
6075
8819
113.000000
transaction
8181
8311
160.000000
transaction
4471
8512
478.000000
transaction
2053
7268
31.000000
transaction
7629
5166
167.000000
transaction
5980
7327
245.000000
transaction
6391
5834
165.000000
transaction
7268
6012
208.000000
transaction
9878
5512
104.000000
transaction
3510
8899
317.000000
transaction
8413
5585
257.000000
transaction
9605
7762
392.000000
transaction
1769
6391
30.000000
transaction
8486
7327
399.000000
transaction
7204
9764
489.000000
transaction
8486
1277
59.000000
transaction
4548
2485
208.000000
transaction
8933
4818
14.000000
transaction
1277
4794
158.000000
transaction
6309
1620
400.000000
transaction
4020
8899
345.000000
transaction
4818
5166
376.000000
transaction
3917
5615
34.000000
transaction
6012
8383
256.000000
transaction
1499
5845
254.000000
transaction
8928
4928
408.000000
transaction
5845
6945
220.000000
transaction
2014
2014
105.000000
transaction
7543
6806
137.000000
transaction
4730
7447
42.000000
transaction
8383
9605
184.000000
transaction
4086
8181
323.000000
transaction
6075
6391
469.000000
transaction
8819
6820
304.000000
transaction
5487
7204
154.000000
transaction
5834
2048
241.000000
transaction
6309
2485
105.000000
transaction
4086
7543
466.000000
transaction
4730
5732
329.000000
transaction
3340
4794
500.000000
transaction
2485
3140
148.000000
transaction
9605
8986
29.000000
transaction
7327
5834
239.000000
transaction
8899
8893
103.000000
transaction
8933
4794
222.000000
transaction
5615
4818
84.000000
transaction
8512
5378
397.000000
transaction
5380
7242
423.000000
transaction
1769
5980
471.000000
transaction
8549
3534
255.000000
transaction
8512
4928
322.000000
transaction
8486
8383
17.000000
transaction
7094
6012
418.000000
transaction
1605
5487
207.000000
transaction
1715
5069
491.000000
transaction
7937
4897
25.000000
transaction
6820
7482
66.000000
transaction
2053
7094
187.000000
transaction
4818
4020
490.000000
transaction
6150
2556
465.000000
transaction
2048
5980
152.000000
transaction
4730
5114
235.000000
transaction
9878
1499
240.000000
transaction
7242
6612
135.000000
transaction
7543
3254
223.000000
transaction
3215
9615
157.000000
transaction
5378
2485
381.000000
transaction
6391
3806
499.000000
transaction
9605
1811
124.000000
transaction
5166
3153
289.000000
transaction
1434
7762
141.000000
transaction
6012
6694
30.000000
transaction
5211
6694
485.000000
transaction
4608
4548
244.000000
transaction
6945
6309
262.000000
transaction
8512
7496
260.000000
transaction
8986
7094
24.000000
transaction
4072
7629
100.000000
transaction
3917
4020
408.000000
transaction
5700
6820
476.000000
transaction
5069
3215
354.000000
transaction
4471
3534
216.000000
transaction
2014
2556
77.000000
transaction
8933
5487
58.000000
transaction
5069
1769
14.000000
transaction
9764
5585
139.000000
transaction
2014
5211
105.000000
transaction
4794
3215
34.000000
transaction
8383
5378
259.000000
transaction
5487
5337
122.000000
transaction
3254
4471
291.000000
transaction
7482
6309
213.000000
transaction
8549
3215
326.000000
transaction
3140
2048
221.000000
transaction
3917
9878
328.000000
transaction
8899
5834
73.000000
transaction
4471
6391
464.000000
transaction
8486
5380
381.000000
transaction
3254
4072
174.000000
transaction
7629
7268
114.000000
transaction
5834
5211
343.000000
transaction
8928
2053
351.000000
transaction
6150
5845
169.000000
transaction
4794
6978
131.000000
transaction
5985
8899
130.000000
transaction
7937
8167
131.000000
transaction
1499
6658
41.000000
transaction
3254
9615
384.000000
transaction
9764
3140
462.000000
transaction
7447
5487
183.000000
transaction
5069
5512
22.000000
transaction
7762
8549
186.000000
transaction
4548
5380
36.000000
transaction
5834
7543
354.000000
transaction
7937
4072
344.000000
transaction
6694
6381
76.000000
transaction
8928
6658
188.000000
transaction
4794
4608
286.000000
transaction
7204
4471
253.000000
transaction
8167
5980
349.000000
transaction
2747
8819
45.000000
transaction
8549
3254
133.000000
transaction
7482
9878
175.000000
transaction
1811
5732
350.000000
transaction
6694
8167
228.000000
transaction
6309
8933
138.000000
transaction
8383
5069
150.000000
transaction
7327
3364
81.000000
transaction
1769
8549
309.000000
transaction
2485
3340
213.000000
transaction
6658
4818
53.000000
transaction
1605
3510
171.000000
transaction
8819
5585
123.000000
transaction
6820
6012
223.000000
transaction
6945
7094
103.000000
transaction
5487
7543
448.000000
transaction
8167
6381
185.000000
transaction
4608
8167
205.000000
transaction
2048
5211
245.000000
transaction
7327
5980
264.000000
transaction
8311
2053
150.000000
transaction
8512
7242
423.000000
transaction
2014
6309
268.000000
transaction
4730
7447
222.000000
transaction
6012
4928
340.000000
transaction
1811
7937
115.000000
transaction
1769
2053
324.000000
transaction
8928
5378
156.000000
transaction
5732
5980
396.000000
transaction
5512
3534
147.000000
transaction
6612
6309
111.000000
transaction
1811
9197
331.000000
transaction
4608
1605
439.000000
transaction
9764
8549
111.000000
transaction
7447
8931
398.000000
transaction
6806
5985
29.000000
transaction
4471
6658
141.000000
transaction
5985
1499
382.000000
transaction
1769
1499
186.000000
transaction
1434
5700
8.000000
transaction
1277
1769
116.000000
transaction
2053
3140
211.000000
transaction
8933
9764
167.000000
transaction
4730
9605
254.000000
transaction
8933
3340
399.000000
transaction
8928
8181
351.000000
transaction
7447
2048
411.000000
transaction
2053
2747
467.000000
transaction
5585
3510
370.000000
transaction
4608
7629
218.000000
transaction
8893
4548
477.000000
transaction
6309
5337
444.000000
transaction
7204
8486
42.000000
transaction
8486
3153
390.000000
transaction
8928
2048
209.000000
transaction
8893
6012
43.000000
transaction
8928
3917
5.000000
transaction
6075
8819
419.000000
transaction
3364
4818
292.000000
transaction
5378
3140
20.000000
transaction
6391
1605
249.000000
transaction
8512
6658
441.000000
transaction
4608
7937
426.000000
transaction
3806
6978
495.000000
transaction
2556
1811
405.000000
transaction
7496
9615
110.000000
transaction
3140
8819
286.000000
transaction
7447
5380
74.000000
transaction
8893
2747
59.000000
transaction
4818
6309
74.000000
transaction
5985
7094
330.000000
transaction
1277
6012
91.000000
transaction
5378
4928
122.000000
transaction
3340
6391
239.000000
transaction
2556
7447
47.000000
transaction
7268
5585
444.000000
transaction
7762
2485
485.000000
transaction
3140
5069
79.000000
transaction
5378
7650
194.000000
transaction
9878
2048
50.000000
transaction
4020
3140
216.000000
transaction
6075
7242
21.000000
transaction
9605
6694
56.000000
transaction
7327
8167
215.000000
transaction
1811
8933
238.000000
transaction
6150
2747
335.000000
transaction
5845
5512
400.000000
transaction
8512
6658
436.000000
transaction
6978
1277
213.000000
transaction
2048
5985
376.000000
transaction
6612
7650
91.000000
transaction
4072
8413
459.000000
transaction
9878
4794
420.000000
transaction
6075
1434
253.000000
transaction
3364
6820
98.000000
transaction
6391
3254
213.000000
transaction
5512
3364
57.000000
transaction
5487
1769
269.000000
transaction
7762
3917
422.000000
transaction
8928
4897
75.000000
transaction
3254
5585
4.000000
transaction
1811
7447
40.000000
transaction
3254
3534
273.000000
transaction
8893
4548
27.000000
transaction
5378
5834
190.000000
transaction
5211
6612
160.000000
transaction
1499
1605
381.000000
transaction
2053
9878
40.000000
transaction
8167
7762
364.000000
transaction
1277
3510
398.000000
transaction
4086
5211
43.000000
transaction
4730
9878
366.000000
transaction
3534
3215
241.000000
transaction
8986
1715
370.000000
transaction
3510
1098
171.000000
transaction
6806
8928
383.000000
transaction
3534
8986
339.000000
transaction
6075
6381
438.000000
transaction
8933
5114
116.000000
transaction
6309
8928
289.000000
transaction
1620
7327
128.000000
transaction
9878
6012
427.000000
transaction
3153
7629
496.000000
transaction
6309
7327
403.000000
transaction
7650
5487
455.000000
transaction
5732
1715
46.000000
transaction
4608
8167
92.000000
transaction
7242
4897
149.000000
transaction
1620
4086
339.000000
transaction
7496
4928
230.000000
transaction
6694
8931
452.000000
transaction
5378
5487
306.000000
transaction
7204
6612
182.000000
transaction
6820
7242
204.000000
transaction
3215
5585
400.000000
transaction
3806
8933
458.000000
transaction
7242
7575
38.000000
transaction
6612
9197
224.000000
transaction
1769
6012
351.000000
transaction
5585
4072
338.000000
transaction
4072
5211
230.000000
transaction
4608
8167
273.000000
transaction
4928
5732
184.000000
transaction
7242
6820
352.000000
transaction
3806
4794
350.000000
transaction
7543
1769
495.000000
transaction
4730
7575
171.000000
transaction
3364
8512
418.000000
transaction
5487
5585
471.000000
transaction
5585
5487
297.000000
transaction
8311
3510
37.000000
transaction
6820
5980
169.000000
transaction
8549
5166
269.000000
transaction
3806
6391
184.000000
transaction
7543
8311
316.000000
transaction
7575
1811
175.000000
transaction
7327
5337
250.000000
transaction
8931
2485
188.000000
transaction
2014
6309
434.000000
transaction
8167
6012
177.000000
transaction
4471
5069
350.000000
transaction
3153
5980
202.000000
transaction
8486
8928
240.000000
transaction
6012
2747
351.000000
transaction
5114
5337
33.000000
transaction
1605
3153
241.000000
transaction
7937
8512
433.000000
transaction
8167
4608
146.000000
transaction
7242
5211
454.000000
transaction
1277
3340
207.000000
transaction
4548
1098
95.000000
transaction
7762
3153
347.000000
transaction
4730
1277
290.000000
transaction
3806
1769
404.000000
transaction
7496
5512
244.000000
transaction
6381
1098
160.000000
transaction
5834
7937
498.000000
transaction
8311
6658
428.000000
transaction
7937
8167
220.000000
transaction
8413
4818
491.000000
transaction
8899
6806
391.000000
transaction
8486
8931
308.000000
transaction
8383
7629
261.000000
transaction
7482
9878
168.000000
transaction
4086
3917
64.000000
transaction
7327
8181
265.000000
transaction
8311
4608
444.000000
transaction
7937
6945
56.000000
transaction
6612
9197
436.000000
transaction
7762
7937
369.000000
transaction
7242
3534
383.000000
transaction
6612
6612
328.000000
transaction
3254
5380
404.000000
transaction
7762
7094
55.000000
transaction
9764
8933
279.000000
transaction
6694
3140
312.000000
transaction
4020
9615
394.000000
transaction
3510
7650
311.000000
transaction
7629
8819
58.000000
transaction
6945
7094
238.000000
transaction
4794
8512
260.000000
transaction
7204
9615
219.000000
transaction
8986
3140
313.000000
transaction
5834
5615
331.000000
transaction
1499
9605
176.000000
transaction
4818
6381
91.000000
transaction
9605
4928
89.000000
transaction
8893
6309
18.000000
transaction
5980
8413
306.000000
transaction
2014
5732
24.000000
transaction
9764
4818
310.000000
transaction
6381
1098
260.000000
transaction
4086
8986
475.000000
transaction
8928
9197
273.000000
transaction
3510
9764
469.000000
transaction
5732
8383
479.000000
transaction
5166
7937
214.000000
transaction
4072
3364
470.000000
transaction
9197
7482
154.000000
transaction
1098
4818
203.000000
transaction
7575
4730
336.000000
transaction
8486
5337
288.000000
transaction
5512
7204
34.000000
transaction
7327
2048
329.000000
transaction
9197
8383
79.000000
transaction
6820
4730
62.000000
transaction
5378
7268
293.000000
transaction
6075
5732
313.000000
transaction
7575
5487
137.000000
transaction
4548
9605
322.000000
transaction
8383
7447
253.000000
transaction
7327
1811
245.000000
transaction
6381
1605
164.000000
transaction
5380
4086
174.000000
transaction
7327
3534
457.000000
transaction
5732
5114
40.000000
transaction
6694
4730
310.000000
transaction
1620
5114
410.000000
transaction
3215
2556
5.000000
transaction
1715
8986
401.000000
transaction
7937
4548
325.000000
transaction
4794
9878
85.000000
transaction
4471
1811
90.000000
transaction
8931
5845
369.000000
transaction
6978
7482
343.000000
transaction
7543
7482
480.000000
transaction
2556
8486
463.000000
transaction
3534
8899
301.000000
transaction
8383
6612
166.000000
transaction
8819
3215
212.000000
transaction
8819
9615
141.000000
transaction
6945
8181
140.000000
transaction
5834
2014
200.000000
transaction
8899
1277
2.000000
transaction
2048
7204
374.000000
transaction
5985
5378
98.000000
transaction
8383
6075
383.000000
transaction
5615
4548
373.000000
transaction
9764
2485
232.000000
transaction
3140
5985
450.000000
transaction
4072
8933
347.000000
transaction
7094
6381
380.000000
transaction
6381
6391
89.000000
transaction
6309
5732
491.000000
transaction
6381
6391
110.000000
transaction
8311
6806
403.000000
transaction
7937
5615
409.000000
transaction
6694
5512
290.000000
transaction
8486
8986
455.000000
transaction
7242
2014
407.000000
transaction
7268
4928
400.000000
transaction
7204
6012
258.000000
transaction
5615
2048
416.000000
transaction
4928
7094
317.000000
transaction
7650
7575
327.000000
transaction
8512
6381
290.000000
transaction
8819
8819
388.000000
transaction
9605
1277
84.000000
transaction
8512
8512
30.000000
transaction
5337
1715
39.000000
transaction
9764
7629
26.000000
transaction
9764
5487
279.000000
transaction
1769
8899
141.000000
transaction
3534
4020
459.000000
transaction
8899
6075
234.000000
transaction
7268
5337
43.000000
transaction
6391
8167
483.000000
transaction
9615
4471
84.000000
transaction
4794
7094
422.000000
transaction
6694
6391
228.000000
transaction
5980
6381
156.000000
transaction
7629
6150
200.000000
transaction
1715
6806
90.000000
transaction
9764
5069
267.000000
transaction
6309
7937
221.000000
transaction
5378
5732
413.000000
transaction
4928
6391
393.000000
transaction
3215
1769
421.000000
transaction
1098
5211
140.000000
transaction
7496
1098
298.000000
transaction
1098
1499
155.000000
transaction
6309
7937
462.000000
transaction
1769
5114
476.000000
transaction
9605
4928
465.000000
transaction
2747
5487
244.000000
transaction
8512
8413
344.000000
transaction
5845
3340
202.000000
transaction
5380
8819
409.000000
transaction
2747
8819
400.000000
transaction
1620
6694
500.000000
transaction
1499
2556
303.000000
transaction
2014
3510
334.000000
transaction
7447
4471
223.000000
transaction
5615
7629
110.000000
transaction
6806
5380
453.000000
transaction
1620
8167
189.000000
transaction
5732
4608
360.000000
transaction
1277
3917
448.000000
transaction
2014
8928
388.000000
transaction
1811
9605
101.000000
transaction
6612
9878
166.000000
transaction
2556
2014
388.000000
transaction
9764
4794
168.000000
transaction
3364
4608
97.000000
transaction
8181
8933
291.000000
transaction
4818
5845
472.000000
transaction
7496
5980
402.000000
transaction
4794
5985
327.000000
transaction
4730
2747
18.000000
transaction
3254
7543
114.000000
transaction
7327
8512
266.000000
transaction
5069
5980
275.000000
transaction
7575
5845
159.000000
transaction
5380
3534
189.000000
transaction
8899
1605
182.000000
transaction
8181
8893
233.000000
transaction
5985
6820
184.000000
transaction
1620
9197
88.000000
transaction
8383
7937
354.000000
transaction
5985
9615
29.000000
transaction
3254
7242
167.000000
transaction
8383
6309
218.000000
transaction
2014
4730
368.000000
transaction
7204
4020
43.000000
transaction
1769
3153
147.000000
transaction
8893
5834
336.000000
transaction
7496
6012
299.000000
transaction
1811
6391
247.000000
transaction
9197
8986
126.000000
transaction
1277
5615
175.000000
transaction
8181
3153
495.000000
transaction
5700
9878
251.000000
transaction
6945
6658
182.000000
transaction
8413
7937
308.000000
transaction
4072
8549
76.000000
transaction
3917
4471
425.000000
transaction
2053
1277
178.000000
transaction
6806
2014
88.000000
transaction
6658
6309
482.000000
transaction
8486
6381
229.000000
transaction
2053
5166
145.000000
transaction
6391
5114
497.000000
transaction
1811
1434
409.000000
transaction
5380
5166
41.000000
transaction
1277
3153
228.000000
transaction
7629
5337
208.000000
transaction
5985
1499
9.000000
transaction
4548
6978
370.000000
transaction
3153
4020
378.000000
transaction
9764
6806
388.000000
transaction
7762
4072
426.000000
transaction
7543
8413
216.000000
transaction
3534
8931
418.000000
transaction
8383
8512
308.000000
transaction
3806
8549
224.000000
transaction
1434
3140
16.000000
transaction
2014
7204
19.000000
transaction
7268
9605
237.000000
transaction
5166
6978
62.000000
transaction
3140
3140
177.000000
transaction
6075
8933
403.000000
transaction
8167
3340
87.000000
transaction
5700
5380
331.000000
transaction
6945
4020
318.000000
transaction
3806
1098
57.000000
transaction
5615
1434
273.000000
transaction
2556
2053
92.000000
transaction
8383
4794
341.000000
transaction
3340
7327
106.000000
transaction
4818
5114
73.000000
transaction
2014
8931
266.000000
transaction
6820
3917
237.000000
transaction
5834
7447
131.000000
transaction
4730
8549
356.000000
transaction
5732
6806
8.000000
transaction
6381
1811
110.000000
transaction
8181
7496
73.000000
transaction
7482
1811
405.000000
transaction
2485
8167
327.000000
transaction
7268
2556
217.000000
transaction
5378
7543
109.000000
transaction
6391
5114
485.000000
transaction
5700
5166
208.000000
transaction
7650
7268
47.000000
transaction
8486
7327
309.000000
transaction
8931
4086
69.000000
transaction
1434
6658
194.000000
transaction
4072
4794
202.000000
transaction
4730
9615
182.000000
transaction
6381
3254
47.000000
transaction
7496
2485
473.000000
transaction
4818
3534
362.000000
transaction
7268
7268
300.000000
transaction
4471
9878
322.000000
transaction
7543
8413
244.000000
transaction
4897
4471
123.000000
transaction
1434
8311
83.000000
transaction
9197
2014
67.000000
transaction
5834
5337
416.000000
transaction
4608
5834
235.000000
transaction
4548
7575
299.000000
transaction
1277
6658
21.000000
transaction
6820
8311
343.000000
transaction
2747
2048
42.000000
transaction
8549
5114
178.000000
transaction
4608
3806
406.000000
transaction
5985
4072
189.000000
transaction
4897
7496
98.000000
transaction
6012
7543
390.000000
transaction
7242
6381
391.000000
transaction
6075
8512
466.000000
transaction
5985
8549
279.000000
transaction
4020
1434
461.000000
transaction
3340
7268
423.000000
transaction
2485
6309
212.000000
transaction
8893
8549
136.000000
transaction
8986
8928
114.000000
transaction
4897
7762
339.000000
transaction
8383
4730
14.000000
transaction
7482
9878
171.000000
transaction
6820
1715
209.000000
transaction
8167
6391
396.000000
transaction
2048
4928
151.000000
transaction
3534
6075
420.000000
transaction
5585
7094
228.000000
transaction
1811
6150
115.000000
transaction
5487
1434
259.000000
transaction
1811
8819
37.000000
transaction
5700
7482
220.000000
transaction
2485
5512
371.000000
transaction
4897
6612
77.000000
transaction
5380
8931
488.000000
transaction
8893
1434
123.000000
transaction
5211
7650
178.000000
transaction
2048
7543
396.000000
transaction
5166
8311
104.000000
transaction
1605
7762
206.000000
transaction
6806
8512
94.000000
transaction
5845
8486
366.000000
transaction
7268
9615
263.000000
transaction
5337
8383
174.000000
transaction
7242
4020
66.000000
transaction
6150
3140
421.000000
transaction
7762
6075
198.000000
transaction
1769
3215
172.000000
transaction
6075
6150
406.000000
transaction
6381
6612
184.000000
transaction
6806
3534
471.000000
transaction
1811
7482
308.000000
transaction
4020
8986
358.000000
transaction
8549
8512
141.000000
transaction
6694
6075
367.000000
transaction
7762
6806
134.000000
transaction
5845
8931
240.000000
transaction
5700
9878
457.000000
transaction
7327
6012
12.000000
transaction
7629
6820
372.000000
transaction
6612
4020
146.000000
transaction
8181
8486
18.000000
transaction
5378
2053
264.000000
transaction
9764
5845
50.000000
transaction
5166
6820
157.000000
transaction
6309
5380
219.000000
transaction
8893
8931
211.000000
transaction
4548
8931
162.000000
transaction
5114
2747
467.000000
transaction
5834
8899
230.000000
transaction
3364
1434
8.000000
transaction
3215
4928
393.000000
transaction
4897
7629
104.000000
transaction
5845
7543
107.000000
transaction
9878
6978
370.000000
transaction
6150
7496
164.000000
transaction
7496
3140
409.000000
transaction
4928
9605
153.000000
transaction
9605
4818
67.000000
transaction
6820
8311
410.000000
transaction
5512
6075
12.000000
transaction
5980
7447
47.000000
transaction
5512
6391
176.000000
transaction
9878
1811
402.000000
transaction
1620
6612
219.000000
transaction
4086
3140
493.000000
transaction
8899
5337
60.000000
transaction
5845
7629
456.000000
transaction
1434
7482
489.000000
transaction
7268
8549
24.000000
transaction
7762
4794
430.000000
transaction
5378
8383
354.000000
transaction
5211
7937
312.000000
transaction
2747
4730
272.000000
transaction
3153
8819
431.000000
transaction
4897
3140
298.000000
transaction
7762
6391
239.000000
transaction
5114
1811
315.000000
transaction
5512
6820
39.000000
transaction
8486
8413
379.000000
transaction
1811
6806
211.000000
transaction
8893
6150
246.000000
transaction
5380
8986
378.000000
transaction
6012
6694
209.000000
transaction
3917
7650
49.000000
transaction
1769
6820
65.000000
transaction
1605
8986
475.000000
transaction
5380
8383
335.000000
transaction
1811
4471
298.000000
transaction
9878
2556
282.000000
transaction
7650
7496
196.000000
transaction
5211
6806
51.000000
transaction
5069
1620
98.000000
transaction
2556
6391
159.000000
transaction
7496
4928
488.000000
transaction
3534
8986
451.000000
transaction
5166
9764
97.000000
transaction
6945
5378
281.000000
transaction
9764
1277
309.000000
transaction
5732
1098
22.000000
transaction
8181
7650
295.000000
transaction
4548
7242
409.000000
transaction
4730
1620
14.000000
transaction
4471
7327
125.000000
transaction
8512
9605
12.000000
transaction
7496
7327
106.000000
transaction
7629
6658
204.000000
transaction
3917
3917
397.000000
transaction
1605
7543
499.000000
transaction
6945
7543
251.000000
transaction
8486
6309
181.000000
transaction
4730
5114
349.000000
transaction
5337
7242
206.000000
transaction
1620
9615
277.000000
transaction
4548
4928
325.000000
transaction
5337
6694
195.000000
transaction
5585
8893
155.000000
transaction
1277
2556
179.000000
transaction
5834
7327
305.000000
transaction
5700
4897
480.000000
transaction
5845
7482
188.000000
transaction
4608
1499
125.000000
transaction
4608
9197
193.000000
transaction
8819
6012
342.000000
transaction
3153
8311
230.000000
transaction
5337
7575
343.000000
transaction
4897
7482
484.000000
transaction
5337
7496
397.000000
transaction
7327
3806
419.000000
transaction
7543
3534
154.000000
transaction
1620
3917
326.000000
transaction
8931
1715
81.000000
transaction
7242
5114
329.000000
transaction
2556
4020
82.000000
transaction
6075
5378
316.000000
transaction
4928
4818
191.000000
transaction
4548
3340
164.000000
transaction
2485
6612
289.000000
transaction
6694
8181
464.000000
transaction
7937
1769
187.000000
transaction
4794
2556
263.000000
transaction
2014
6381
170.000000
transaction
8899
4072
107.000000
transaction
7327
5211
484.000000
transaction
5980
5585
77.000000
transaction
7094
8181
62.000000
transaction
2014
2048
281.000000
transaction
3917
7575
92.000000
transaction
2485
5069
173.000000
transaction
7629
3140
180.000000
transaction
2747
1098
445.000000
transaction
4471
2014
303.000000
transaction
9615
5980
229.000000
transaction
6150
3510
268.000000
transaction
8899
3917
113.000000
transaction
3254
5487
346.000000
transaction
7937
5985
309.000000
transaction
6612
7629
484.000000
transaction
1434
5337
472.000000
transaction
4072
7242
487.000000
transaction
1715
4897
239.000000
transaction
1434
6820
201.000000
transaction
1605
6658
304.000000
transaction
8413
3153
378.000000
transaction
5980
6391
2.000000
transaction
3153
7650
345.000000
transaction
6694
6309
449.000000
transaction
3510
7242
125.000000
transaction
1605
7327
218.000000
transaction
4086
9615
486.000000
transaction
7094
6150
321.000000
transaction
1605
6381
484.000000
transaction
6309
2747
496.000000
transaction
6658
9764
112.000000
transaction
5114
1434
371.000000
transaction
8899
3254
200.000000
transaction
8549
4730
456.000000
transaction
4928
6012
124.000000
transaction
2485
2014
147.000000
transaction
4548
5114
196.000000
transaction
2747
1499
451.000000
transaction
4897
6612
60.000000
transaction
7268
3153
326.000000
transaction
6978
4471
125.000000
transaction
4471
6978
427.000000
transaction
5845
1769
345.000000
transaction
5834
8986
428.000000
transaction
6381
4608
133.000000
transaction
8167
5380
443.000000
transaction
7762
3806
32.000000
transaction
7496
5114
387.000000
transaction
7575
3917
98.000000
transaction
8549
8933
366.000000
transaction
2485
2048
494.000000
transaction
5069
5211
211.000000
transaction
2747
5378
19.000000
transaction
2048
8928
113.000000
transaction
5166
5732
295.000000
transaction
7327
8167
189.000000
transaction
6945
2053
12.000000
transaction
5700
5069
250.000000
transaction
4818
6945
426.000000
transaction
8383
5980
171.000000
transaction
5732
3140
482.000000
transaction
5380
1605
173.000000
transaction
5985
3254
114.000000
transaction
3534
8181
357.000000
transaction
8549
3340
357.000000
transaction
8181
8893
90.000000
transaction
3534
1715
201.000000
transaction
4818
6012
89.000000
transaction
4897
5211
353.000000
transaction
6612
3534
256.000000
transaction
4608
7327
124.000000
transaction
6820
2485
228.000000
transaction
4928
3215
198.000000
transaction
1098
5211
379.000000
transaction
2014
4072
50.000000
transaction
6978
6658
492.000000
transaction
1715
8311
498.000000
transaction
1715
3140
451.000000
transaction
9197
5845
90.000000
transaction
9878
6694
12.000000
transaction
6150
8928
83.000000
transaction
7762
1715
147.000000
transaction
6381
8933
64.000000
transaction
1715
8986
204.000000
transaction
8486
1499
382.000000
transaction
8512
3364
42.000000
transaction
7650
4086
224.000000
transaction
7543
8486
292.000000
transaction
4020
4794
494.000000
transaction
7094
4794
255.000000
transaction
4608
5211
99.000000
transaction
2485
7268
5.000000
transaction
2048
7762
499.000000
transaction
7543
8413
45.000000
transaction
4548
3510
500.000000
transaction
2048
1811
72.000000
transaction
1605
8486
499.000000
transaction
7937
6658
37.000000
transaction
7327
5114
69.000000
transaction
6820
6150
153.000000
transaction
7327
8486
44.000000
transaction
7242
5834
365.000000
transaction
3917
6658
343.000000
transaction
7543
8512
28.000000
transaction
7327
3140
1.000000
transaction
7268
7650
109.000000
transaction
5378
8181
47.000000
transaction
8928
6694
459.000000
transaction
4086
4730
296.000000
transaction
5732
5700
203.000000
transaction
5985
7268
489.000000
transaction
5732
5114
438.000000
transaction
2485
2556
50.000000
transaction
6150
5337
36.000000
transaction
4897
2048
303.000000
transaction
4897
8167
381.000000
transaction
9197
7496
162.000000
transaction
5378
3153
223.000000
transaction
9878
9605
207.000000
transaction
5615
9605
106.000000
transaction
1098
5732
175.000000
transaction
8819
5732
364.000000
transaction
7762
6694
29.000000
transaction
7937
7242
169.000000
transaction
3140
1434
180.000000
transaction
3215
8819
412.000000
transaction
9615
4928
437.000000
transaction
2053
4471
253.000000
transaction
8486
7937
249.000000
transaction
8928
4020
345.000000
transaction
5732
7762
46.000000
transaction
3534
7094
394.000000
transaction
5114
9605
255.000000
transaction
7094
7629
175.000000
transaction
4897
5487
329.000000
transaction
6978
6658
70.000000
transaction
7629
2048
5.000000
transaction
2485
3510
34.000000
transaction
3215
1715
113.000000
transaction
6978
5845
391.000000
transaction
6806
9764
69.000000
transaction
1769
7496
487.000000
transaction
5985
2048
84.000000
transaction
1769
7629
112.000000
transaction
4818
6820
255.000000
transaction
6806
4471
167.000000
transaction
4730
6381
377.000000
transaction
8549
3510
250.000000
transaction
3364
5166
9.000000
transaction
8486
6309
211.000000
transaction
7575
3254
109.000000
transaction
5487
7650
434.000000
transaction
8181
4548
197.000000
transaction
6945
8819
73.000000
transaction
7575
3534
288.000000
transaction
8181
5069
317.000000
transaction
5732
7204
274.000000
transaction
7629
6075
95.000000
transaction
4072
4086
386.000000
transaction
8512
2485
42.000000
transaction
9605
5211
112.000000
transaction
6309
4897
289.000000
transaction
8899
3140
318.000000
transaction
8512
4794
307.000000
transaction
2048
6612
281.000000
transaction
5845
5378
217.000000
transaction
7094
8893
184.000000
transaction
8928
6978
390.000000
transaction
5114
5487
369.000000
transaction
3534
4548
381.000000
transaction
3140
7650
372.000000
transaction
4072
4897
206.000000
transaction
2747
7629
222.000000
transaction
4794
2747
354.000000
transaction
8899
7629
213.000000
transaction
7327
4072
406.000000
transaction
8512
8931
247.000000
transaction
3510
4928
465.000000
transaction
6806
7496
308.000000
transaction
4730
5700
490.000000
transaction
6820
6820
219.000000
transaction
4928
8893
253.000000
transaction
5337
1605
229.000000
transaction
2556
8819
195.000000
transaction
3254
7762
372.000000
transaction
8383
1098
398.000000
transaction
8819
8512
443.000000
transaction
4928
1769
278.000000
transaction
9878
3510
203.000000
transaction
6391
5985
251.000000
transaction
9878
7242
166.000000
transaction
3254
1499
207.000000
transaction
3534
9197
311.000000
transaction
1499
2014
351.000000
transaction
9615
7937
281.000000
transaction
7242
6806
381.000000
transaction
7094
5980
219.000000
transaction
1811
5166
126.000000
transaction
5114
8893
400.000000
transaction
5337
5700
352.000000
transaction
5380
9878
420.000000
transaction
6612
3215
475.000000
transaction
6978
5211
223.000000
transaction
4471
5380
384.000000
transaction
7762
8931
163.000000
transaction
6612
6658
126.000000
transaction
8928
4072
177.000000
transaction
2048
8512
267.000000
transaction
8549
3917
156.000000
transaction
8512
3153
3.000000
transaction
8899
2048
2.000000
transaction
2014
7268
371.000000
transaction
5069
4897
363.000000
transaction
6391
6806
57.000000
transaction
5378
5378
149.000000
transaction
1499
5985
10.000000
transaction
8167
9197
388.000000
transaction
6309
1620
227.000000
transaction
7543
8933
303.000000
transaction
4548
4730
319.000000
transaction
4794
3510
229.000000
transaction
8486
8383
50.000000
transaction
1811
3340
284.000000
transaction
7327
4548
299.000000
transaction
7762
3534
92.000000
transaction
4086
7650
296.000000
transaction
8819
6391
291.000000
transaction
7575
7094
297.000000
transaction
6012
5378
142.000000
transaction
6150
7327
373.000000
transaction
7496
6075
47.000000
transaction
6012
8931
230.000000
transaction
6075
1098
101.000000
transaction
5166
3534
382.000000
transaction
8819
1098
104.000000
transaction
7937
7937
281.000000
transaction
7543
7204
391.000000
transaction
6945
9197
258.000000
transaction
2485
1098
351.000000
transaction
1620
6309
473.000000
transaction
7762
8181
128.000000
transaction
7629
4928
20.000000
transaction
1620
5378
372.000000
transaction
6381
7937
46.000000
transaction
5166
3340
98.000000
transaction
5378
9764
178.000000
transaction
7496
3917
497.000000
transaction
6945
8893
444.000000
transaction
7496
6012
245.000000
transaction
7575
6612
53.000000
transaction
5700
8893
334.000000
transaction
4072
6978
21.000000
transaction
9615
3534
163.000000
transaction
7242
7937
394.000000
transaction
6978
3215
14.000000
transaction
6820
2048
112.000000
transaction
8931
8383
337.000000
transaction
5337
9878
478.000000
transaction
5069
3917
331.000000
transaction
4794
5980
242.000000
transaction
8413
9878
231.000000
transaction
3215
4020
48.000000
transaction
5166
3806
70.000000
transaction
5985
5487
249.000000
transaction
5585
2014
318.000000
transaction
6391
3917
28.000000
transaction
3534
3153
364.000000
transaction
6391
1811
215.000000
transaction
8549
5512
192.000000
transaction
3215
7629
143.000000
transaction
2053
2485
394.000000
transaction
5378
4608
72.000000
transaction
8893
3364
195.000000
transaction
2048
7482
190.000000
transaction
2053
7268
251.000000
transaction
4471
4471
475.000000
transaction
1811
5845
243.000000
transaction
3806
6658
52.000000
transaction
8893
5700
48.000000
transaction
8167
3153
125.000000
transaction
7575
4086
389.000000
transaction
7242
3510
471.000000
transaction
5211
6806
391.000000
transaction
8486
7482
15.000000
transaction
7575
8383
237.000000
transaction
7650
6945
365.000000
transaction
1605
7482
67.000000
transaction
5615
5700
327.000000
transaction
5834
5069
326.000000
transaction
9615
3215
394.000000
transaction
7496
8931
274.000000
transaction
6694
6658
195.000000
transaction
4794
5985
57.000000
transaction
7543
5114
281.000000
transaction
5378
6945
265.000000
transaction
7650
5380
29.000000
transaction
8933
5615
453.000000
transaction
6612
8931
400.000000
transaction
5114
8986
436.000000
transaction
2747
8928
105.000000
transaction
1769
3153
49.000000
transaction
8167
4548
162.000000
transaction
4072
6694
14.000000
transaction
8311
8819
151.000000
transaction
3140
4548
116.000000
transaction
7937
6391
10.000000
transaction
6612
5980
456.000000
transaction
6820
2048
400.000000
transaction
2747
9878
394.000000
transaction
5834
2556
337.000000
transaction
1715
3364
205.000000
transaction
6075
6012
35.000000
transaction
3140
7937
148.000000
transaction
4471
2747
436.000000
transaction
4730
4548
117.000000
transaction
5615
6658
75.000000
transaction
1769
7447
26.000000
transaction
6806
4897
388.000000
transaction
6694
5732
487.000000
transaction
1769
5834
352.000000
transaction
9197
6150
25.000000
transaction
1098
6806
278.000000
transaction
4897
7650
9.000000
transaction
8181
6391
423.000000
transaction
3215
8893
4.000000
transaction
4818
8549
164.000000
transaction
6658
8986
487.000000
transaction
5114
1811
221.000000
transaction
4020
7268
469.000000
transaction
6820
4471
371.000000
transaction
3140
3917
326.000000
transaction
8928
3917
88.000000
transaction
3364
2048
318.000000
transaction
4471
8928
176.000000
transaction
1499
6658
17.000000
transaction
1715
5615
456.000000
transaction
3534
1715
150.000000
transaction
1811
5487
258.000000
transaction
8181
3364
179.000000
transaction
5834
5069
160.000000
transaction
7447
1499
184.000000
transaction
9615
8986
160.000000
transaction
5069
2747
270.000000
transaction
1620
5380
13.000000
transaction
4794
9615
474.000000
transaction
5732
1605
472.000000
transaction
1499
7762
230.000000
transaction
1605
5166
125.000000
transaction
2556
3340
46.000000
transaction
8931
3510
34.000000
transaction
5980
8931
237.000000
transaction
8512
5378
31.000000
transaction
5585
4608
397.000000
transaction
7094
4928
139.000000
transaction
7762
3364
89.000000
transaction
1499
7242
45.000000
transaction
4072
3917
23.000000
transaction
6150
8167
361.000000
transaction
4794
8986
281.000000
transaction
4548
5166
454.000000
transaction
6806
5378
46.000000
transaction
9764
4086
88.000000
transaction
4471
3917
18.000000
transaction
3917
8899
5.000000
transaction
2747
3364
225.000000
transaction
6075
7629
46.000000
transaction
9764
1434
422.000000
transaction
3364
2048
2.000000
transaction
4818
5380
396.000000
transaction
6978
7447
486.000000
transaction
3254
4818
227.000000
transaction
3140
8383
154.000000
transaction
6075
6820
278.000000
transaction
3806
5211
220.000000
transaction
4471
6012
493.000000
transaction
1605
1811
69.000000
transaction
5834
6391
123.000000
transaction
3534
7937
33.000000
transaction
3917
6945
127.000000
transaction
7447
8181
98.000000
transaction
6381
9878
183.000000
transaction
8383
7094
118.000000
transaction
8893
3510
81.000000
transaction
3254
5512
320.000000
transaction
8899
7482
326.000000
transaction
8311
4548
186.000000
transaction
5845
4608
444.000000
transaction
7482
6012
475.000000
transaction
6381
7650
139.000000
transaction
8383
1098
420.000000
transaction
4818
2014
271.000000
transaction
3140
5585
238.000000
transaction
4818
4897
259.000000
transaction
6978
1605
203.000000
transaction
8486
8986
428.000000
transaction
2048
7629
157.000000
transaction
9197
7762
287.000000
transaction
5166
5980
240.000000
transaction
2556
1811
369.000000
transaction
1499
5487
422.000000
transaction
3806
7629
31.000000
transaction
8933
8931
276.000000
transaction
8311
7650
162.000000
transaction
5337
5380
467.000000
transaction
5487
7937
261.000000
transaction
7327
8893
390.000000
transaction
7762
5069
68.000000
transaction
6945
7575
271.000000
transaction
1605
5337
31.000000
transaction
3917
5487
475.000000
transaction
5585
3254
51.000000
transaction
7629
6945
295.000000
transaction
1499
5615
324.000000
transaction
6978
8549
219.000000
transaction
8383
8311
298.000000
transaction
5487
1605
240.000000
transaction
4794
8311
376.000000
transaction
5985
9764
3.000000
transaction
3534
1434
243.000000
transaction
6012
7937
439.000000
transaction
4086
3917
157.000000
transaction
7650
5985
21.000000
transaction
3917
6309
120.000000
transaction
5700
7496
359.000000
transaction
6978
6309
293.000000
transaction
6820
9878
497.000000
transaction
1434
8413
331.000000
transaction
4548
5069
229.000000
transaction
4794
2048
284.000000
transaction
4072
6820
363.000000
transaction
6945
5380
239.000000
transaction
7496
7482
92.000000
transaction
5585
9605
400.000000
transaction
6945
5487
473.000000
transaction
3534
2014
129.000000
transaction
2747
3917
480.000000
transaction
6806
7762
64.000000
transaction
5512
1769
152.000000
transaction
7496
8928
15.000000
transaction
1811
3254
478.000000
transaction
3534
8311
221.000000
transaction
6658
6150
145.000000
transaction
5980
1277
341.000000
transaction
5845
3215
484.000000
transaction
7543
8931
145.000000
transaction
1434
6391
121.000000
transaction
8311
7496
299.000000
transaction
9615
3215
259.000000
transaction
5834
5380
150.000000
transaction
6820
5845
420.000000
transaction
8931
7482
303.000000
transaction
6945
4818
10.000000
transaction
1811
5069
63.000000
transaction
1098
5211
433.000000
transaction
8413
2556
125.000000
transaction
8167
3153
135.000000
transaction
6012
5845
108.000000
transaction
5980
5700
226.000000
transaction
6694
5732
68.000000
transaction
6820
6820
419.000000
transaction
8311
6309
343.000000
transaction
5069
7482
376.000000
transaction
9764
4818
165.000000
transaction
6658
4818
256.000000
transaction
8931
7268
269.000000
transaction
7242
1434
37.000000
transaction
1499
6150
39.000000
transaction
2048
6391
487.000000
transaction
8549
3364
235.000000
transaction
6150
4928
299.000000
transaction
4020
3215
7.000000
transaction
7204
1715
431.000000
transaction
9197
1605
364.000000
transaction
2053
3153
498.000000
transaction
7094
2014
19.000000
transaction
4897
4548
221.000000
transaction
3806
4794
76.000000
transaction
6694
9197
235.000000
transaction
9878
8311
307.000000
transaction
4897
8893
442.000000
transaction
8413
2747
411.000000
transaction
5380
4897
17.000000
transaction
7482
8181
121.000000
transaction
8819
8931
490.000000
transaction
5114
6391
499.000000
transaction
6150
5512
180.000000
transaction
7629
7204
465.000000
transaction
1499
8181
460.000000
transaction
5114
8167
94.000000
transaction
5487
7094
84.000000
transaction
5069
1434
50.000000
transaction
5700
5512
336.000000
transaction
6820
3215
317.000000
transaction
5069
6381
9.000000
transaction
4020
8986
19.000000
transaction
7575
5834
264.000000
transaction
1715
7650
483.000000
transaction
7327
8181
364.000000
transaction
8181
7327
97.000000
transaction
7575
2747
63.000000
transaction
2048
5845
266.000000
transaction
2053
5834
62.000000
transaction
9878
6978
31.000000
transaction
3140
6012
388.000000
transaction
7629
4608
482.000000
transaction
8986
1620
184.000000
transaction
6381
6820
361.000000
transaction
8931
4897
294.000000
transaction
6150
3140
365.000000
transaction
1499
5380
231.000000
transaction
3254
1605
333.000000
transaction
4928
3153
83.000000
transaction
9605
3140
348.000000
transaction
4086
8311
101.000000
transaction
7094
2048
183.000000
transaction
5732
1620
240.000000
transaction
4730
2747
303.000000
transaction
8928
1715
337.000000
transaction
8486
2747
5.000000
transaction
1277
7268
47.000000
transaction
4730
8549
252.000000
transaction
6820
3534
20.000000
transaction
5585
7447
187.000000
transaction
5512
5845
69.000000
transaction
9605
3153
380.000000
transaction
7762
6945
137.000000
transaction
3215
5700
251.000000
transaction
3364
5211
410.000000
transaction
1811
7629
476.000000
transaction
2485
4548
45.000000
transaction
6612
6658
33.000000
transaction
6806
3806
407.000000
transaction
8181
3510
378.000000
transaction
3340
3215
328.000000
transaction
8549
2747
145.000000
transaction
3254
5512
161.000000
transaction
1715
2747
209.000000
transaction
2014
4897
500.000000
transaction
3254
8986
328.000000
transaction
8933
1769
57.000000
transaction
8893
3254
269.000000
transaction
3510
4794
92.000000
transaction
8167
6978
165.000000
transaction
2014
8413
483.000000
transaction
8893
3806
349.000000
transaction
8486
8986
93.000000
transaction
5585
1098
159.000000
transaction
1620
2014
293.000000
transaction
1605
7937
240.000000
transaction
8383
7482
299.000000
transaction
8928
6806
369.000000
transaction
6612
4928
201.000000
transaction
1499
7204
166.000000
transaction
7204
7650
302.000000
transaction
1277
7094
325.000000
transaction
1277
1499
171.000000
transaction
8986
5732
272.000000
transaction
5985
1715
433.000000
transaction
9615
2048
213.000000
transaction
8819
5615
437.000000
transaction
8512
5114
299.000000
transaction
6075
9615
387.000000
transaction
6075
1098
106.000000
transaction
7447
3340
483.000000
transaction
7482
3510
401.000000
transaction
5732
3534
4.000000
transaction
3340
7242
305.000000
transaction
5380
7496
11.000000
transaction
7543
3534
473.000000
transaction
8512
2048
19.000000
transaction
3806
5732
57.000000
transaction
7496
1434
354.000000
transaction
2053
1811
206.000000
transaction
3215
4730
425.000000
transaction
5980
6150
198.000000
transaction
5985
6150
373.000000
transaction
1769
7543
393.000000
transaction
2053
7242
66.000000
transaction
3510
5487
240.000000
transaction
8986
8181
302.000000
transaction
2485
6309
50.000000
transaction
3364
8311
204.000000
transaction
4020
8933
464.000000
transaction
4608
6806
495.000000
transaction
1769
2747
450.000000
transaction
6309
3254
6.000000
transaction
4471
4020
332.000000
transaction
3510
5114
201.000000
transaction
5166
2048
396.000000
transaction
4608
6309
129.000000
transaction
4730
3510
486.000000
transaction
4818
5378
320.000000
transaction
5069
7204
313.000000
transaction
1098
5834
128.000000
transaction
5615
1811
394.000000
transaction
5732
6978
12.000000
transaction
1620
5585
189.000000
transaction
5069
3254
26.000000
transaction
8819
6381
89.000000
transaction
4928
5211
145.000000
transaction
3153
3534
66.000000
transaction
1277
6150
408.000000
transaction
3364
5512
227.000000
transaction
8413
9605
228.000000
transaction
6820
5380
337.000000
transaction
6309
5380
102.000000
transaction
7204
5700
247.000000
transaction
6309
5069
166.000000
transaction
4818
3917
275.000000
transaction
7496
2485
166.000000
transaction
3254
4471
288.000000
transaction
4928
8181
44.000000
transaction
8986
6012
340.000000
transaction
3364
8893
436.000000
transaction
1098
6012
30.000000
transaction
5069
2014
73.000000
transaction
8893
4548
420.000000
transaction
8549
5114
256.000000
transaction
1605
3534
133.000000
transaction
7762
9605
297.000000
transaction
9197
7094
25.000000
transaction
8383
1277
6.000000
transaction
7762
9605
411.000000
transaction
3215
7242
200.000000
transaction
1605
7242
353.000000
transaction
4818
6309
115.000000
transaction
1620
5585
496.000000
transaction
7650
4818
333.000000
transaction
8413
5114
355.000000
transaction
3153
7242
151.000000
transaction
2485
6820
69.000000
transaction
8819
9764
471.000000
transaction
5585
4471
467.000000
transaction
6150
5585
487.000000
transaction
1769
1277
56.000000
transaction
6612
4928
212.000000
transaction
4020
8931
410.000000
transaction
3364
7268
43.000000
transaction
5985
1715
332.000000
transaction
6612
3534
52.000000
transaction
6694
8549
368.000000
transaction
4608
4086
66.000000
transaction
1098
7496
395.000000
transaction
3254
8167
192.000000
transaction
1605
8549
394.000000
transaction
2053
9878
381.000000
transaction
7575
3917
373.000000
transaction
8413
9615
495.000000
transaction
7762
1277
1.000000
transaction
6694
6658
375.000000
transaction
2556
7543
414.000000
transaction
8167
1605
494.000000
transaction
9615
6309
267.000000
transaction
5487
4072
199.000000
transaction
8549
8311
287.000000
transaction
4794
8986
86.000000
transaction
2485
7268
62.000000
transaction
5069
1620
359.000000
transaction
8311
8383
161.000000
transaction
4897
5512
173.000000
transaction
6694
6381
47.000000
transaction
7543
8893
203.000000
transaction
7204
8549
111.000000
transaction
8486
4608
237.000000
transaction
8413
7268
420.000000
transaction
3534
1277
66.000000
transaction
1769
2556
35.000000
transaction
3364
1434
440.000000
transaction
7937
8413
175.000000
transaction
5211
3340
219.000000
transaction
6820
8167
329.000000
transaction
2048
1715
370.000000
transaction
6945
4072
57.000000
transaction
7575
2053
340.000000
transaction
2053
5700
409.000000
transaction
8311
7268
11.000000
transaction
5700
4471
376.000000
transaction
4818
5834
378.000000
transaction
7482
4471
215.000000
transaction
9764
3340
34.000000
transaction
7268
4897
266.000000
transaction
9615
5512
472.000000
transaction
3254
2014
350.000000
transaction
7575
5069
462.000000
transaction
7094
5700
61.000000
transaction
4072
8311
83.000000
transaction
8819
8181
111.000000
transaction
6945
3140
60.000000
transaction
8933
5211
140.000000
transaction
1769
5166
11.000000
transaction
5337
1769
346.000000
transaction
6381
6309
42.000000
transaction
8181
7543
303.000000
transaction
4608
1277
239.000000
transaction
5487
3340
439.000000
transaction
1605
5615
321.000000
transaction
8512
4897
302.000000
transaction
5732
5845
269.000000
transaction
1811
5512
309.000000
transaction
9878
1499
299.000000
transaction
6806
9605
458.000000
transaction
6612
6012
114.000000
transaction
1098
4897
340.000000
transaction
6150
3215
194.000000
transaction
8933
6658
13.000000
transaction
4730
3153
411.000000
transaction
1499
6075
46.000000
transaction
6381
1499
348.000000
transaction
4020
6820
344.000000
transaction
4818
6806
248.000000
transaction
8383
7629
444.000000
transaction
5337
4928
49.000000
transaction
6012
8819
184.000000
transaction
5585
5487
401.000000
transaction
5166
5069
13.000000
transaction
1434
3364
230.000000
transaction
2556
3806
484.000000
transaction
6391
8167
387.000000
transaction
6381
6391
350.000000
transaction
1277
8928
365.000000
transaction
1098
4086
293.000000
transaction
5487
7204
129.000000
transaction
8928
7496
469.000000
transaction
4072
3254
412.000000
transaction
7762
1811
400.000000
transaction
8928
2048
20.000000
transaction
7482
3806
296.000000
transaction
6150
4818
28.000000
transaction
8986
8928
486.000000
transaction
9197
5512
330.000000
transaction
2053
5512
357.000000
transaction
1605
5211
24.000000
transaction
8413
8311
297.000000
transaction
5985
2014
367.000000
transaction
3140
5211
427.000000
transaction
7094
8311
138.000000
transaction
8512
6075
113.000000
transaction
4818
6806
47.000000
transaction
6658
6309
490.000000
transaction
5615
5980
434.000000
transaction
7575
6820
330.000000
transaction
8383
3340
269.000000
transaction
1715
1499
3.000000
transaction
6150
1769
364.000000
transaction
7496
3534
104.000000
transaction
1098
8819
86.000000
transaction
5114
4072
41.000000
transaction
5834
2053
303.000000
transaction
5700
7482
111.000000
transaction
5069
7327
462.000000
transaction
3510
9615
277.000000
transaction
1434
8167
348.000000
transaction
3534
5166
451.000000
transaction
4020
8933
258.000000
transaction
8819
7204
32.000000
transaction
8928
7204
173.000000
transaction
4548
6309
51.000000
transaction
3510
6381
463.000000
transaction
7575
1620
287.000000
transaction
8486
8933
9.000000
transaction
9764
7204
106.000000
transaction
4086
7268
138.000000
transaction
7543
8931
276.000000
transaction
4020
7268
170.000000
transaction
4897
6381
389.000000
transaction
3254
5834
156.000000
transaction
5380
4608
312.000000
transaction
8931
5980
321.000000
transaction
1715
4072
26.000000
transaction
8931
2053
472.000000
transaction
1098
6694
91.000000
transaction
6381
8819
360.000000
transaction
8986
6820
104.000000
transaction
7327
5337
473.000000
transaction
5211
4072
183.000000
transaction
4086
9605
484.000000
transaction
4897
5166
314.000000
transaction
9615
8383
65.000000
transaction
3215
8893
243.000000
transaction
9197
8311
106.000000
transaction
7094
4897
467.000000
transaction
6309
8931
308.000000
transaction
7204
8512
123.000000
transaction
3806
6309
215.000000
transaction
5700
9197
193.000000
transaction
4548
7543
90.000000
transaction
2485
1811
280.000000
transaction
7650
1620
463.000000
transaction
8933
7575
453.000000
transaction
4928
7327
387.000000
transaction
5337
8819
421.000000
transaction
6612
5512
13.000000
transaction
7094
6820
300.000000
transaction
8819
8512
56.000000
transaction
6075
8512
304.000000
transaction
5615
3140
430.000000
transaction
4928
8167
91.000000
transaction
7204
6381
448.000000
transaction
4548
5980
323.000000
transaction
8181
8512
93.000000
transaction
7204
7937
81.000000
transaction
8819
5166
377.000000
transaction
5985
6309
341.000000
transaction
5980
9605
279.000000
transaction
6612
5845
165.000000
transaction
2747
5732
33.000000
transaction
5487
8413
13.000000
transaction
8486
5980
122.000000
transaction
4818
4794
73.000000
transaction
6150
2747
312.000000
transaction
1098
4818
443.000000
transaction
4794
7496
433.000000
transaction
2014
4072
89.000000
transaction
1277
4548
237.000000
transaction
7937
5337
239.000000
transaction
9605
6075
287.000000
transaction
4471
5845
323.000000
transaction
8931
4928
126.000000
transaction
2556
3364
159.000000
transaction
5166
7629
225.000000
transaction
5834
4471
210.000000
transaction
5487
6658
184.000000
transaction
7575
7268
362.000000
transaction
3140
3534
43.000000
transaction
5980
1434
284.000000
transaction
5378
5845
90.000000
transaction
4086
4608
40.000000
transaction
1434
3534
428.000000
transaction
4086
8549
348.000000
transaction
5114
4020
476.000000
transaction
2556
4072
404.000000
transaction
3806
7268
65.000000
transaction
1715
5512
186.000000
transaction
3340
6612
109.000000
transaction
6694
6806
463.000000
transaction
5512
1499
265.000000
transaction
4897
8383
195.000000
transaction
4020
8486
117.000000
transaction
1605
6945
356.000000
transaction
1605
1434
282.000000
transaction
4730
7204
408.000000
transaction
4928
8899
30.000000
transaction
5980
5732
374.000000
transaction
8819
7204
86.000000
transaction
5732
8181
400.000000
transaction
2048
4020
56.000000
transaction
7543
2053
191.000000
transaction
3364
8893
276.000000
transaction
8819
8933
492.000000
transaction
5512
5834
146.000000
transaction
4020
8181
314.000000
transaction
8413
7242
204.000000
transaction
2556
7447
353.000000
transaction
5211
6612
472.000000
transaction
7629
1811
253.000000
transaction
4086
7327
331.000000
transaction
8311
9615
294.000000
transaction
7482
7268
183.000000
transaction
9878
6391
129.000000
transaction
5487
1434
478.000000
transaction
8819
7937
59.000000
transaction
6012
6820
479.000000
transaction
6381
4548
450.000000
transaction
6694
3364
10.000000
transaction
8413
5732
470.000000
transaction
8893
7575
292.000000
transaction
3340
2048
241.000000
transaction
2485
4897
11.000000
transaction
5700
8512
69.000000
transaction
7575
4548
123.000000
transaction
1605
7268
102.000000
transaction
3140
3806
117.000000
transaction
8933
4794
198.000000
transaction
5487
5585
218.000000
transaction
1605
4548
318.000000
transaction
4020
3254
194.000000
transaction
7242
8893
456.000000
transaction
2014
6075
90.000000
transaction
7447
1277
428.000000
transaction
5211
4471
257.000000
transaction
2556
4794
279.000000
transaction
2747
5700
454.000000
transaction
8311
5378
486.000000
transaction
8167
5069
431.000000
transaction
5834
8931
112.000000
transaction
7204
3215
283.000000
transaction
2485
8486
124.000000
transaction
7204
5615
78.000000
transaction
1811
3215
31.000000
transaction
5069
1811
259.000000
transaction
5512
7496
444.000000
transaction
3534
8549
143.000000
transaction
7575
7327
336.000000
transaction
2485
1434
472.000000
transaction
8986
5980
264.000000
transaction
1715
3254
33.000000
transaction
5337
4608
71.000000
transaction
6820
9615
117.000000
transaction
8933
1715
387.000000
transaction
7575
8986
447.000000
transaction
8512
5166
421.000000
transaction
4548
2556
260.000000
transaction
7447
5337
82.000000
transaction
1769
1620
84.000000
transaction
4608
9878
336.000000
transaction
5615
6381
6.000000
transaction
7762
9615
437.000000
transaction
5732
2556
286.000000
transaction
3215
6391
144.000000
transaction
6150
4818
438.000000
transaction
6012
3340
129.000000
transaction
4020
1098
494.000000
transaction
5114
7482
134.000000
transaction
3254
4730
239.000000
transaction
6075
6694
91.000000
transaction
8893
1769
448.000000
transaction
8986
5166
298.000000
transaction
8311
5166
263.000000
transaction
7242
6150
421.000000
transaction
2053
6806
6.000000
transaction
1277
3153
278.000000
transaction
4548
8933
178.000000
transaction
3534
4608
202.000000
transaction
1769
1277
333.000000
transaction
5615
6150
247.000000
transaction
8819
9605
206.000000
transaction
4928
5380
244.000000
transaction
8413
4020
283.000000
transaction
5615
5585
290.000000
transaction
3254
6309
153.000000
exit
y
y
