1091
1094
1102
1159
1201
1254
1261
1286
1422
1474
1531
1626
1732
1753
1781
1834
1838
1842
1919
2073
2093
2153
2283
2360
2437
2495
2625
2702
2752
2764
2770
2809
2994
2999
3032
3086
3143
3282
3322
3364
3493
3737
3835
3847
3922
3984
4031
4042
4141
4191
4292
4357
4382
4383
4411
4493
4528
4560
4635
4652
4722
4752
4819
4832
4856
4863
4900
4926
5035
5080
5123
5154
5196
5229
5256
5275
5394
5399
5454
5537
5657
5669
5676
5693
5766
5857
5881
6067
6236
6281
6678
6723
6878
6933
6955
7001
7050
7078
7101
7151
7161
7215
7268
7333
7425
7432
7486
7536
7692
7770
8024
8126
8238
8255
8346
8425
8429
8459
8850
8856
8859
9001
9129
9142
9149
9230
9240
9394
9652
9687
9711
9733
9776
9949
No of users: 134